"","DataTimestampUTC","DataTimestampLOCAL","SaveTimestampLOCAL","C_bKfz_Wert","C_bKfz_Status","C_qKfz_Wert","C_qKfz_Status","C_vKfz_Wert","C_vKfz_Status","C_ConcertStatus","C_TDCDetailStatus","C_IncidentAlarms_Wert","C_IncidentAlarms_Status","C_Dependance","C_Availability"
"1",2015-03-16 22:00:01,2015-03-17 00:00:01,2015-03-17 00:08:35,0,32,0,40,21,38,1,40,0,50,-1,1
"2",2015-03-16 22:01:31,2015-03-17 00:01:31,2015-03-17 00:10:03,0,32,0,40,21,38,1,40,0,50,-1,1
"3",2015-03-16 22:04:31,2015-03-17 00:04:31,2015-03-17 00:12:56,0,32,0,40,21,38,1,40,0,50,-1,1
"4",2015-03-16 22:06:01,2015-03-17 00:06:01,2015-03-17 00:15:06,0,32,40,32,21,38,1,38,0,50,-1,1
"5",2015-03-16 22:07:31,2015-03-17 00:07:31,2015-03-17 00:16:00,0,32,0,40,21,38,1,40,0,50,-1,1
"6",2015-03-16 22:09:01,2015-03-17 00:09:01,2015-03-17 00:17:29,0,32,0,40,21,38,1,40,0,50,-1,1
"7",2015-03-16 22:10:31,2015-03-17 00:10:31,2015-03-17 00:19:06,0,32,0,40,21,38,1,40,0,50,-1,1
"8",2015-03-16 22:12:01,2015-03-17 00:12:01,2015-03-17 00:21:19,0,32,0,40,21,38,1,40,0,50,-1,1
"9",2015-03-16 22:13:31,2015-03-17 00:13:31,2015-03-17 00:22:07,0,32,0,40,21,38,1,40,0,50,-1,1
"10",2015-03-16 22:15:01,2015-03-17 00:15:01,2015-03-17 00:24:20,0,32,0,40,21,38,1,40,0,50,-1,1
"11",2015-03-16 22:16:31,2015-03-17 00:16:31,2015-03-17 00:25:12,0,32,0,40,21,38,1,40,0,50,-1,1
"12",2015-03-16 22:18:01,2015-03-17 00:18:01,2015-03-17 00:26:40,0,32,0,40,21,38,1,40,0,50,-1,1
"13",2015-03-16 22:19:31,2015-03-17 00:19:31,2015-03-17 00:28:20,0,32,0,40,21,38,1,40,0,50,-1,1
"14",2015-03-16 22:21:01,2015-03-17 00:21:01,2015-03-17 00:30:01,0,32,0,40,21,38,1,40,0,50,-1,1
"15",2015-03-16 22:22:31,2015-03-17 00:22:31,2015-03-17 00:31:22,0,32,0,40,21,38,1,40,0,50,-1,1
"16",2015-03-16 22:25:31,2015-03-17 00:25:31,2015-03-17 00:34:12,0,32,0,40,21,38,1,40,0,50,-1,1
"17",2015-03-16 22:27:01,2015-03-17 00:27:01,2015-03-17 00:36:25,0,32,0,40,21,38,1,40,0,50,-1,1
"18",2015-03-16 22:28:31,2015-03-17 00:28:31,2015-03-17 00:37:04,0,32,0,40,21,38,1,40,0,50,-1,1
"19",2015-03-16 22:30:01,2015-03-17 00:30:01,2015-03-17 00:38:39,0,32,40,32,21,38,1,38,0,50,-1,1
"20",2015-03-16 22:31:31,2015-03-17 00:31:31,2015-03-17 00:40:20,0,32,40,32,21,38,1,38,0,50,-1,1
"21",2015-03-16 22:33:01,2015-03-17 00:33:01,2015-03-17 00:41:48,0,32,0,40,21,38,1,40,0,50,-1,1
"22",2015-03-16 22:34:31,2015-03-17 00:34:31,2015-03-17 00:43:20,0,32,0,40,21,38,1,40,0,50,-1,1
"23",2015-03-16 22:36:01,2015-03-17 00:36:01,2015-03-17 00:44:44,0,32,0,40,21,38,1,40,0,50,-1,1
"24",2015-03-16 22:37:31,2015-03-17 00:37:31,2015-03-17 00:46:31,0,32,0,40,21,38,1,40,0,50,-1,1
"25",2015-03-16 22:40:31,2015-03-17 00:40:31,2015-03-17 00:49:26,0,32,0,40,21,38,1,40,0,50,-1,1
"26",2015-03-16 22:42:01,2015-03-17 00:42:01,2015-03-17 00:50:58,0,32,0,40,21,38,1,40,0,50,-1,1
"27",2015-03-16 22:43:31,2015-03-17 00:43:31,2015-03-17 00:52:27,0,32,0,40,21,38,1,40,0,50,-1,1
"28",2015-03-16 22:45:01,2015-03-17 00:45:01,2015-03-17 00:53:58,0,32,0,40,21,38,1,40,0,50,-1,1
"29",2015-03-16 22:46:31,2015-03-17 00:46:31,2015-03-17 00:55:28,0,32,0,40,21,38,1,40,0,50,-1,1
"30",2015-03-16 22:48:01,2015-03-17 00:48:01,2015-03-17 00:56:53,0,32,40,32,21,38,1,38,0,50,-1,1
"31",2015-03-16 22:49:31,2015-03-17 00:49:31,2015-03-17 00:58:29,0,32,40,32,21,38,1,38,0,50,-1,1
"32",2015-03-16 22:51:01,2015-03-17 00:51:01,2015-03-17 00:59:59,0,32,0,40,21,38,1,40,0,50,-1,1
"33",2015-03-16 23:00:01,2015-03-17 01:00:01,2015-03-17 01:08:59,0,32,0,40,21,38,1,40,0,50,-1,1
"34",2015-03-16 23:01:31,2015-03-17 01:01:31,2015-03-17 01:10:23,0,32,0,40,21,38,1,40,0,50,-1,1
"35",2015-03-16 23:03:01,2015-03-17 01:03:01,2015-03-17 01:11:59,0,32,0,40,21,38,1,40,0,50,-1,1
"36",2015-03-16 23:04:31,2015-03-17 01:04:31,2015-03-17 01:13:37,0,32,0,40,21,38,1,40,0,50,-1,1
"37",2015-03-16 23:06:01,2015-03-17 01:06:01,2015-03-17 01:15:00,0,32,0,40,21,38,1,40,0,50,-1,1
"38",2015-03-16 23:07:31,2015-03-17 01:07:31,2015-03-17 01:16:23,0,32,0,40,21,38,1,40,0,50,-1,1
"39",2015-03-16 23:10:31,2015-03-17 01:10:31,2015-03-17 01:19:27,0,32,0,40,21,38,1,40,0,50,-1,1
"40",2015-03-16 23:12:01,2015-03-17 01:12:01,2015-03-17 01:21:05,0,32,40,32,21,38,1,38,0,50,-1,1
"41",2015-03-16 23:13:31,2015-03-17 01:13:31,2015-03-17 01:22:38,0,32,0,40,21,38,1,40,0,50,-1,1
"42",2015-03-16 23:19:31,2015-03-17 01:19:31,2015-03-17 01:28:38,0,32,0,40,21,38,1,40,0,50,-1,1
"43",2015-03-16 23:21:01,2015-03-17 01:21:01,2015-03-17 01:30:16,0,32,0,40,21,38,1,40,0,50,-1,1
"44",2015-03-16 23:22:31,2015-03-17 01:22:31,2015-03-17 01:31:30,0,32,0,40,21,38,1,40,0,50,-1,1
"45",2015-03-16 23:25:31,2015-03-17 01:25:31,2015-03-17 01:34:45,0,32,0,40,21,38,1,40,0,50,-1,1
"46",2015-03-16 23:28:31,2015-03-17 01:28:31,2015-03-17 01:37:25,0,32,0,40,21,38,1,40,0,50,-1,1
"47",2015-03-16 23:30:01,2015-03-17 01:30:01,2015-03-17 01:38:35,0,32,0,40,21,38,1,40,0,50,-1,1
"48",2015-03-16 23:31:31,2015-03-17 01:31:31,2015-03-17 01:40:39,0,32,0,40,21,38,1,40,0,50,-1,1
"49",2015-03-16 23:37:31,2015-03-17 01:37:31,2015-03-17 01:46:17,0,32,0,40,21,38,1,40,0,50,-1,1
"50",2015-03-16 23:43:31,2015-03-17 01:43:31,2015-03-17 01:52:59,0,32,0,40,21,38,1,40,0,50,-1,1
"51",2015-03-16 23:46:31,2015-03-17 01:46:31,2015-03-17 01:55:20,0,32,0,40,21,38,1,40,0,50,-1,1
"52",2015-03-16 23:48:01,2015-03-17 01:48:01,2015-03-17 01:57:02,0,32,0,40,21,38,1,40,0,50,-1,1
"53",2015-03-16 23:54:01,2015-03-17 01:54:01,2015-03-17 02:03:26,0,32,0,40,21,38,1,40,0,50,-1,1
"54",2015-03-16 23:55:31,2015-03-17 01:55:31,2015-03-17 02:05:00,0,32,0,40,21,38,1,40,0,50,-1,1
"55",2015-03-16 23:58:31,2015-03-17 01:58:31,2015-03-17 02:07:49,0,32,0,40,21,38,1,40,0,50,-1,1
"56",2015-03-17 00:01:31,2015-03-17 02:01:31,2015-03-17 02:10:34,0,32,0,40,21,38,1,40,0,50,-1,1
"57",2015-03-17 00:03:01,2015-03-17 02:03:01,2015-03-17 02:12:17,0,32,0,40,21,38,1,40,0,50,-1,1
"58",2015-03-17 00:07:31,2015-03-17 02:07:31,2015-03-17 02:16:11,0,32,40,32,21,38,1,38,0,50,-1,1
"59",2015-03-17 00:18:01,2015-03-17 02:18:01,2015-03-17 02:27:18,0,32,0,40,21,38,1,40,0,50,-1,1
"60",2015-03-17 00:19:31,2015-03-17 02:19:31,2015-03-17 02:28:57,0,32,0,40,21,38,1,40,0,50,-1,1
"61",2015-03-17 00:21:01,2015-03-17 02:21:01,2015-03-17 02:30:40,0,32,0,40,21,38,1,40,0,50,-1,1
"62",2015-03-17 00:25:31,2015-03-17 02:25:31,2015-03-17 02:35:05,0,32,0,40,21,38,1,40,0,50,-1,1
"63",2015-03-17 00:28:31,2015-03-17 02:28:31,2015-03-17 02:38:20,0,32,0,40,21,38,1,40,0,50,-1,1
"64",2015-03-17 00:31:31,2015-03-17 02:31:31,2015-03-17 02:40:53,0,32,0,40,21,38,1,40,0,50,-1,1
"65",2015-03-17 00:36:01,2015-03-17 02:36:01,2015-03-17 02:45:53,0,32,0,40,21,38,1,40,0,50,-1,1
"66",2015-03-17 00:37:31,2015-03-17 02:37:31,2015-03-17 02:47:08,0,32,0,40,21,38,1,40,0,50,-1,1
"67",2015-03-17 00:42:01,2015-03-17 02:42:01,2015-03-17 02:51:27,0,32,0,40,21,38,1,40,0,50,-1,1
"68",2015-03-17 00:43:31,2015-03-17 02:43:31,2015-03-17 02:53:10,0,32,0,40,21,38,1,40,0,50,-1,1
"69",2015-03-17 00:48:01,2015-03-17 02:48:01,2015-03-17 02:57:19,0,32,0,40,21,38,1,40,0,50,-1,1
"70",2015-03-17 00:49:31,2015-03-17 02:49:31,2015-03-17 02:59:05,0,32,0,40,21,38,1,40,0,50,-1,1
"71",2015-03-17 00:52:31,2015-03-17 02:52:31,2015-03-17 03:02:15,0,32,0,40,21,38,1,40,0,50,-1,1
"72",2015-03-17 00:58:31,2015-03-17 02:58:31,2015-03-17 03:07:35,0,32,0,40,21,38,1,40,0,50,-1,1
"73",2015-03-17 01:01:31,2015-03-17 03:01:31,2015-03-17 03:11:08,0,32,0,40,21,38,1,40,0,50,-1,1
"74",2015-03-17 01:03:01,2015-03-17 03:03:01,2015-03-17 03:12:35,0,32,0,40,21,38,1,40,0,50,-1,1
"75",2015-03-17 01:04:31,2015-03-17 03:04:31,2015-03-17 03:13:52,0,32,0,40,21,38,1,40,0,50,-1,1
"76",2015-03-17 01:09:01,2015-03-17 03:09:01,2015-03-17 03:18:29,0,32,0,40,21,38,1,40,0,50,-1,1
"77",2015-03-17 01:12:01,2015-03-17 03:12:01,2015-03-17 03:21:51,0,32,0,40,21,38,1,40,0,50,-1,1
"78",2015-03-17 01:19:31,2015-03-17 03:19:31,2015-03-17 03:29:12,0,32,0,40,21,38,1,40,0,50,-1,1
"79",2015-03-17 01:22:31,2015-03-17 03:22:31,2015-03-17 03:32:10,0,32,0,40,21,38,1,40,0,50,-1,1
"80",2015-03-17 01:25:31,2015-03-17 03:25:31,2015-03-17 03:35:03,0,32,0,40,21,38,1,40,0,50,-1,1
"81",2015-03-17 01:27:01,2015-03-17 03:27:01,2015-03-17 03:36:37,0,32,0,40,21,38,1,40,0,50,-1,1
"82",2015-03-17 01:30:01,2015-03-17 03:30:01,2015-03-17 03:39:25,0,32,0,40,21,38,1,40,0,50,-1,1
"83",2015-03-17 01:31:31,2015-03-17 03:31:31,2015-03-17 03:40:59,0,32,0,40,21,38,1,40,0,50,-1,1
"84",2015-03-17 01:33:01,2015-03-17 03:33:01,2015-03-17 03:42:36,0,32,0,40,21,38,1,40,0,50,-1,1
"85",2015-03-17 01:34:31,2015-03-17 03:34:31,2015-03-17 03:44:06,0,32,0,40,21,38,1,40,0,50,-1,1
"86",2015-03-17 01:36:01,2015-03-17 03:36:01,2015-03-17 03:45:42,0,32,0,40,21,38,1,40,0,50,-1,1
"87",2015-03-17 01:37:31,2015-03-17 03:37:31,2015-03-17 03:47:13,0,32,0,40,21,38,1,40,0,50,-1,1
"88",2015-03-17 01:43:31,2015-03-17 03:43:31,2015-03-17 03:53:02,0,32,0,40,21,38,1,40,0,50,-1,1
"89",2015-03-17 01:46:31,2015-03-17 03:46:31,2015-03-17 03:56:07,0,32,0,40,21,38,1,40,0,50,-1,1
"90",2015-03-17 01:48:01,2015-03-17 03:48:01,2015-03-17 03:57:12,0,32,0,40,21,38,1,40,0,50,-1,1
"91",2015-03-17 01:49:31,2015-03-17 03:49:31,2015-03-17 03:58:55,0,32,0,40,21,38,1,40,0,50,-1,1
"92",2015-03-17 01:55:31,2015-03-17 03:55:31,2015-03-17 04:05:00,0,32,0,40,21,38,1,40,0,50,-1,1
"93",2015-03-17 02:00:01,2015-03-17 04:00:01,2015-03-17 04:09:03,0,32,0,40,21,38,1,40,0,50,-1,1
"94",2015-03-17 02:01:31,2015-03-17 04:01:31,2015-03-17 04:11:06,0,32,0,40,21,38,1,40,0,50,-1,1
"95",2015-03-17 02:04:31,2015-03-17 04:04:31,2015-03-17 04:14:06,0,32,0,40,21,38,1,40,0,50,-1,1
"96",2015-03-17 02:09:01,2015-03-17 04:09:01,2015-03-17 04:18:32,1,32,80,32,21,32,1,32,0,50,-1,1
"97",2015-03-17 02:12:01,2015-03-17 04:12:01,2015-03-17 04:21:19,0,32,0,40,21,38,1,40,0,50,-1,1
"98",2015-03-17 02:22:31,2015-03-17 04:22:31,2015-03-17 04:31:58,0,32,0,40,21,38,1,40,0,50,-1,1
"99",2015-03-17 02:25:31,2015-03-17 04:25:31,2015-03-17 04:35:04,0,32,0,40,21,38,1,40,0,50,-1,1
"100",2015-03-17 02:27:01,2015-03-17 04:27:01,2015-03-17 04:36:28,0,32,0,40,21,38,1,40,0,50,-1,1
"101",2015-03-17 02:30:01,2015-03-17 04:30:01,2015-03-17 04:39:22,0,32,0,40,21,38,1,40,0,50,-1,1
"102",2015-03-17 02:31:31,2015-03-17 04:31:31,2015-03-17 04:41:11,0,32,0,40,21,38,1,40,0,50,-1,1
"103",2015-03-17 02:34:31,2015-03-17 04:34:31,2015-03-17 04:43:59,0,32,0,40,21,38,1,40,0,50,-1,1
"104",2015-03-17 02:36:01,2015-03-17 04:36:01,2015-03-17 04:45:35,0,32,0,40,21,38,1,40,0,50,-1,1
"105",2015-03-17 02:37:31,2015-03-17 04:37:31,2015-03-17 04:47:10,0,32,0,40,21,38,1,40,0,50,-1,1
"106",2015-03-17 02:39:01,2015-03-17 04:39:01,2015-03-17 04:48:34,0,32,0,40,21,38,1,40,0,50,-1,1
"107",2015-03-17 02:42:01,2015-03-17 04:42:01,2015-03-17 04:51:27,0,32,0,40,21,38,1,40,0,50,-1,1
"108",2015-03-17 02:45:01,2015-03-17 04:45:01,2015-03-17 04:54:19,0,32,0,40,21,38,1,40,0,50,-1,1
"109",2015-03-17 02:46:31,2015-03-17 04:46:31,2015-03-17 04:55:49,0,32,0,40,21,38,1,40,0,50,-1,1
"110",2015-03-17 02:48:01,2015-03-17 04:48:01,2015-03-17 04:57:19,0,32,40,32,21,38,1,38,0,50,-1,1
"111",2015-03-17 02:49:31,2015-03-17 04:49:31,2015-03-17 04:58:50,1,32,40,32,21,32,1,32,0,50,-1,1
"112",2015-03-17 02:51:01,2015-03-17 04:51:01,2015-03-17 05:00:13,0,32,0,40,21,38,1,40,0,50,-1,1
"113",2015-03-17 02:52:31,2015-03-17 04:52:31,2015-03-17 05:01:54,0,32,0,40,21,38,1,40,0,50,-1,1
"114",2015-03-17 02:54:01,2015-03-17 04:54:01,2015-03-17 05:02:27,0,32,0,40,21,38,1,40,0,50,-1,1
"115",2015-03-17 02:55:31,2015-03-17 04:55:31,2015-03-17 05:04:02,0,32,0,40,21,38,1,40,0,50,-1,1
"116",2015-03-17 03:03:01,2015-03-17 05:03:01,2015-03-17 05:12:07,0,32,0,40,21,38,1,40,0,50,-1,1
"117",2015-03-17 03:07:31,2015-03-17 05:07:31,2015-03-17 05:17:21,0,32,0,40,21,38,1,40,0,50,-1,1
"118",2015-03-17 03:09:01,2015-03-17 05:09:01,2015-03-17 05:17:51,0,32,0,40,21,38,1,40,0,50,-1,1
"119",2015-03-17 03:10:31,2015-03-17 05:10:31,2015-03-17 05:20:13,0,32,0,40,21,38,1,40,0,50,-1,1
"120",2015-03-17 03:12:01,2015-03-17 05:12:01,2015-03-17 05:20:36,0,32,0,40,21,38,1,40,0,50,-1,1
"121",2015-03-17 03:18:01,2015-03-17 05:18:01,2015-03-17 05:27:51,0,32,0,40,21,38,1,40,0,50,-1,1
"122",2015-03-17 03:21:01,2015-03-17 05:21:01,2015-03-17 05:29:55,0,32,0,40,21,38,1,40,0,50,-1,1
"123",2015-03-17 03:22:31,2015-03-17 05:22:31,2015-03-17 05:31:32,0,32,0,40,21,38,1,40,0,50,-1,1
"124",2015-03-17 03:27:01,2015-03-17 05:27:01,2015-03-17 05:35:35,0,32,0,40,21,38,1,40,0,50,-1,1
"125",2015-03-17 03:30:01,2015-03-17 05:30:01,2015-03-17 05:39:14,0,32,40,32,21,38,1,38,0,50,-1,1
"126",2015-03-17 03:31:31,2015-03-17 05:31:31,2015-03-17 05:41:02,0,32,0,40,21,38,1,40,0,50,-1,1
"127",2015-03-17 03:34:31,2015-03-17 05:34:31,2015-03-17 05:43:04,0,32,0,40,21,38,1,40,0,50,-1,1
"128",2015-03-17 03:36:01,2015-03-17 05:36:01,2015-03-17 05:45:31,0,32,0,40,21,38,1,40,0,50,-1,1
"129",2015-03-17 03:37:31,2015-03-17 05:37:31,2015-03-17 05:45:55,0,32,0,40,21,38,1,40,0,50,-1,1
"130",2015-03-17 03:39:01,2015-03-17 05:39:01,2015-03-17 05:47:26,0,32,0,40,21,38,1,40,0,50,-1,1
"131",2015-03-17 03:42:01,2015-03-17 05:42:01,2015-03-17 05:50:32,0,32,0,40,21,38,1,40,0,50,-1,1
"132",2015-03-17 03:43:31,2015-03-17 05:43:31,2015-03-17 05:51:57,0,32,40,32,21,38,1,38,0,50,-1,1
"133",2015-03-17 03:48:01,2015-03-17 05:48:01,2015-03-17 05:57:13,0,32,0,40,21,38,1,40,0,50,-1,1
"134",2015-03-17 03:54:01,2015-03-17 05:54:01,2015-03-17 06:03:19,0,32,0,40,21,38,1,40,0,50,-1,1
"135",2015-03-17 03:55:31,2015-03-17 05:55:31,2015-03-17 06:05:01,0,32,0,40,21,38,1,40,0,50,-1,1
"136",2015-03-17 03:57:01,2015-03-17 05:57:01,2015-03-17 06:06:12,0,32,0,40,21,38,1,40,0,50,-1,1
"137",2015-03-17 03:58:31,2015-03-17 05:58:31,2015-03-17 06:07:48,0,32,0,40,21,38,1,40,0,50,-1,1
"138",2015-03-17 04:00:01,2015-03-17 06:00:01,2015-03-17 06:09:16,0,32,0,40,21,38,1,40,0,50,-1,1
"139",2015-03-17 04:01:31,2015-03-17 06:01:31,2015-03-17 06:09:56,0,32,0,40,21,38,1,40,0,50,-1,1
"140",2015-03-17 04:03:01,2015-03-17 06:03:01,2015-03-17 06:12:27,0,32,40,32,21,38,1,38,0,50,-1,1
"141",2015-03-17 04:06:01,2015-03-17 06:06:01,2015-03-17 06:15:29,1,32,80,32,21,32,1,32,0,50,-1,1
"142",2015-03-17 04:09:01,2015-03-17 06:09:01,2015-03-17 06:17:28,0,32,40,32,21,38,1,38,0,50,-1,1
"143",2015-03-17 04:10:31,2015-03-17 06:10:31,2015-03-17 06:19:00,0,32,0,40,21,38,1,40,0,50,-1,1
"144",2015-03-17 04:12:01,2015-03-17 06:12:01,2015-03-17 06:20:38,0,32,0,40,21,38,1,40,0,50,-1,1
"145",2015-03-17 04:15:01,2015-03-17 06:15:01,2015-03-17 06:23:41,0,32,0,40,21,38,1,40,0,50,-1,1
"146",2015-03-17 04:16:31,2015-03-17 06:16:31,2015-03-17 06:26:07,0,32,0,40,21,38,1,40,0,50,-1,1
"147",2015-03-17 04:18:01,2015-03-17 06:18:01,2015-03-17 06:26:35,0,32,0,40,21,38,1,40,0,50,-1,1
"148",2015-03-17 04:19:31,2015-03-17 06:19:31,2015-03-17 06:29:03,0,32,40,32,21,38,1,38,0,50,-1,1
"149",2015-03-17 04:21:01,2015-03-17 06:21:01,2015-03-17 06:30:46,0,32,40,32,21,38,1,38,0,50,-1,1
"150",2015-03-17 04:22:31,2015-03-17 06:22:31,2015-03-17 06:31:05,0,32,40,32,21,38,1,38,0,50,-1,1
"151",2015-03-17 04:24:01,2015-03-17 06:24:01,2015-03-17 06:32:51,1,32,40,32,21,32,1,32,0,50,-1,1
"152",2015-03-17 04:25:31,2015-03-17 06:25:31,2015-03-17 06:34:31,0,32,0,40,21,38,1,40,0,50,-1,1
"153",2015-03-17 04:27:01,2015-03-17 06:27:01,2015-03-17 06:36:42,1,32,40,32,21,32,1,32,0,50,-1,1
"154",2015-03-17 04:28:31,2015-03-17 06:28:31,2015-03-17 06:37:12,0,32,40,32,21,38,1,38,0,50,-1,1
"155",2015-03-17 04:34:31,2015-03-17 06:34:31,2015-03-17 06:43:42,0,32,0,40,21,38,1,40,0,50,-1,1
"156",2015-03-17 04:37:31,2015-03-17 06:37:31,2015-03-17 06:46:37,1,32,40,32,21,32,1,32,0,50,-1,1
"157",2015-03-17 04:40:31,2015-03-17 06:40:31,2015-03-17 06:49:31,2,32,80,32,21,32,1,32,0,50,-1,1
"158",2015-03-17 04:42:01,2015-03-17 06:42:01,2015-03-17 06:51:10,0,32,40,32,21,38,1,38,0,50,-1,1
"159",2015-03-17 04:46:31,2015-03-17 06:46:31,2015-03-17 06:55:55,0,32,0,40,21,38,1,40,0,50,-1,1
"160",2015-03-17 04:48:01,2015-03-17 06:48:01,2015-03-17 06:57:19,0,32,40,32,21,38,1,38,0,50,-1,1
"161",2015-03-17 04:49:31,2015-03-17 06:49:31,2015-03-17 06:58:50,0,32,0,40,21,38,1,40,0,50,-1,1
"162",2015-03-17 04:55:31,2015-03-17 06:55:31,2015-03-17 07:05:05,0,32,0,40,21,38,1,40,0,50,-1,1
"163",2015-03-17 05:07:31,2015-03-17 07:07:31,2015-03-17 07:17:04,2,32,80,32,21,32,1,32,0,50,-1,1
"164",2015-03-17 05:12:01,2015-03-17 07:12:01,2015-03-17 07:21:35,0,32,0,40,21,38,1,40,0,50,-1,1
"165",2015-03-17 05:33:01,2015-03-17 07:33:01,2015-03-17 07:42:42,9,32,200,32,13,32,1,32,0,50,-1,1
"166",2015-03-17 05:39:01,2015-03-17 07:39:01,2015-03-17 07:48:54,2,32,80,32,21,32,1,32,0,50,-1,1
"167",2015-03-17 05:48:01,2015-03-17 07:48:01,2015-03-17 07:57:48,6,32,120,32,13,32,1,32,0,50,-1,1
"168",2015-03-17 06:25:31,2015-03-17 08:25:31,2015-03-17 08:36:55,13,32,200,32,6,32,1,32,0,50,-1,1
"169",2015-03-17 06:48:01,2015-03-17 08:48:01,2015-03-17 08:57:53,4,32,160,32,21,32,1,32,0,50,-1,1
"170",2015-03-17 06:52:31,2015-03-17 08:52:31,2015-03-17 09:01:28,14,32,120,32,9,32,1,32,0,50,-1,1
"171",2015-03-17 06:55:31,2015-03-17 08:55:31,2015-03-17 09:04:43,5,32,160,32,17,32,1,32,0,50,-1,1
"172",2015-03-17 06:57:01,2015-03-17 08:57:01,2015-03-17 09:06:05,10,32,120,32,9,32,1,32,0,50,-1,1
"173",2015-03-17 07:07:31,2015-03-17 09:07:31,2015-03-17 09:17:13,1,32,80,32,12,32,1,32,0,50,-1,1
"174",2015-03-17 07:09:01,2015-03-17 09:09:01,2015-03-17 09:17:25,6,32,280,32,12,32,1,32,0,50,-1,1
"175",2015-03-17 07:10:31,2015-03-17 09:10:31,2015-03-17 09:17:31,11,32,320,32,16,32,1,32,0,50,-1,1
"176",2015-03-17 07:12:01,2015-03-17 09:12:01,2015-03-17 09:17:36,16,32,480,32,16,32,1,32,0,50,-1,1
"177",2015-03-17 07:13:31,2015-03-17 09:13:31,2015-03-17 09:17:47,15,32,640,32,24,32,1,32,0,50,-1,1
"178",2015-03-17 07:15:01,2015-03-17 09:15:01,2015-03-17 09:18:02,7,32,440,32,21,32,1,32,0,50,-1,1
"179",2015-03-17 07:16:31,2015-03-17 09:16:31,2015-03-17 09:18:11,12,32,280,32,13,32,1,32,0,50,-1,1
"180",2015-03-17 07:18:01,2015-03-17 09:18:01,2015-03-17 09:18:52,17,32,480,32,20,32,1,32,0,50,-1,1
"181",2015-03-17 07:19:31,2015-03-17 09:19:31,2015-03-17 09:20:18,22,32,520,32,12,32,1,32,0,50,-1,1
"182",2015-03-17 07:21:01,2015-03-17 09:21:01,2015-03-17 09:21:49,8,32,320,32,20,32,1,32,0,50,-1,1
"183",2015-03-17 07:22:31,2015-03-17 09:22:31,2015-03-17 09:23:25,7,32,320,32,21,32,1,32,0,50,-1,1
"184",2015-03-17 07:24:01,2015-03-17 09:24:01,2015-03-17 09:24:51,12,32,520,32,24,32,1,32,0,50,-1,1
"185",2015-03-17 07:25:31,2015-03-17 09:25:31,2015-03-17 09:26:52,9,32,360,32,26,32,1,32,0,50,-1,1
"186",2015-03-17 07:27:01,2015-03-17 09:27:01,2015-03-17 09:27:54,14,32,240,32,18,32,1,32,0,50,-1,1
"187",2015-03-17 07:28:31,2015-03-17 09:28:31,2015-03-17 09:29:22,15,32,360,32,16,32,1,32,0,50,-1,1
"188",2015-03-17 07:30:01,2015-03-17 09:30:01,2015-03-17 09:30:56,9,32,280,32,20,32,1,32,0,50,-1,1
"189",2015-03-17 07:31:31,2015-03-17 09:31:31,2015-03-17 09:32:19,14,32,120,32,12,32,1,32,0,50,-1,1
"190",2015-03-17 07:33:01,2015-03-17 09:33:01,2015-03-17 09:33:49,19,32,0,40,12,38,1,40,0,50,-1,1
"191",2015-03-17 07:34:31,2015-03-17 09:34:31,2015-03-17 09:35:22,11,32,200,32,17,32,1,32,0,50,-1,1
"192",2015-03-17 07:36:01,2015-03-17 09:36:01,2015-03-17 09:36:49,10,32,320,32,21,32,1,32,0,50,-1,1
"193",2015-03-17 07:37:31,2015-03-17 09:37:31,2015-03-17 09:38:20,15,32,120,32,13,32,1,32,0,50,-1,1
"194",2015-03-17 07:39:01,2015-03-17 09:39:01,2015-03-17 09:39:49,20,32,120,32,5,32,1,32,0,50,-1,1
"195",2015-03-17 07:40:31,2015-03-17 09:40:31,2015-03-17 09:41:24,25,32,240,32,2,32,1,32,0,50,-1,1
"196",2015-03-17 07:42:01,2015-03-17 09:42:01,2015-03-17 09:42:50,30,32,120,32,1,32,1,32,0,50,-1,1
"197",2015-03-17 07:43:31,2015-03-17 09:43:31,2015-03-17 09:44:20,1,32,40,32,9,32,1,32,0,50,-1,1
"198",2015-03-17 07:45:01,2015-03-17 09:45:01,2015-03-17 09:45:48,6,32,160,32,2,32,1,32,0,50,-1,1
"199",2015-03-17 07:46:31,2015-03-17 09:46:31,2015-03-17 09:47:22,11,42,40,32,0,32,1,42,0,50,-1,1
"200",2015-03-17 07:48:01,2015-03-17 09:48:01,2015-03-17 09:48:51,16,42,40,32,0,32,1,42,0,50,-1,1
"201",2015-03-17 07:49:31,2015-03-17 09:49:31,2015-03-17 09:49:48,21,32,80,32,1,32,1,32,0,50,-1,1
"202",2015-03-17 07:51:01,2015-03-17 09:51:01,2015-03-17 09:51:52,26,32,200,32,1,32,1,32,0,50,-1,1
"203",2015-03-17 07:52:31,2015-03-17 09:52:31,2015-03-17 09:52:47,31,32,200,32,1,32,1,32,0,50,-1,1
"204",2015-03-17 07:54:01,2015-03-17 09:54:01,2015-03-17 09:54:50,36,42,40,32,0,32,1,42,0,50,-1,1
"205",2015-03-17 07:55:31,2015-03-17 09:55:31,2015-03-17 09:55:48,41,42,80,32,1,32,1,42,0,50,-1,1
"206",2015-03-17 07:57:01,2015-03-17 09:57:01,2015-03-17 09:57:55,46,32,80,32,1,32,1,32,0,50,-1,1
"207",2015-03-17 07:58:31,2015-03-17 09:58:31,2015-03-17 09:58:52,51,32,200,32,2,32,1,32,0,50,-1,1
"208",2015-03-17 08:00:01,2015-03-17 10:00:01,2015-03-17 10:00:48,56,32,160,32,1,32,1,32,0,50,-1,1
"209",2015-03-17 08:01:31,2015-03-17 10:01:31,2015-03-17 10:02:24,61,42,40,32,0,32,1,42,0,50,-1,1
"210",2015-03-17 08:03:01,2015-03-17 10:03:01,2015-03-17 10:03:55,61,32,200,32,2,32,1,32,0,50,-1,1
"211",2015-03-17 08:04:31,2015-03-17 10:04:31,2015-03-17 10:05:21,66,32,160,32,1,32,1,32,0,50,-1,1
"212",2015-03-17 08:06:01,2015-03-17 10:06:01,2015-03-17 10:06:49,71,32,80,32,1,32,1,32,0,50,-1,1
"213",2015-03-17 08:07:31,2015-03-17 10:07:31,2015-03-17 10:08:19,76,42,0,40,1,38,1,42,0,50,-1,1
"214",2015-03-17 08:09:01,2015-03-17 10:09:01,2015-03-17 10:09:52,81,32,200,32,2,32,1,32,0,50,-1,1
"215",2015-03-17 08:10:31,2015-03-17 10:10:31,2015-03-17 10:11:19,70,32,320,32,3,32,1,32,0,50,-1,1
"216",2015-03-17 08:12:01,2015-03-17 10:12:01,2015-03-17 10:12:55,75,32,160,32,1,32,1,32,0,50,-1,1
"217",2015-03-17 08:13:31,2015-03-17 10:13:31,2015-03-17 10:14:18,80,32,80,32,1,32,1,32,0,50,-1,1
"218",2015-03-17 08:15:01,2015-03-17 10:15:01,2015-03-17 10:15:49,85,32,160,32,1,32,1,32,0,50,-1,1
"219",2015-03-17 08:16:31,2015-03-17 10:16:31,2015-03-17 10:17:19,90,32,160,32,1,32,1,32,0,50,-1,1
"220",2015-03-17 08:18:01,2015-03-17 10:18:01,2015-03-17 10:18:49,95,42,0,40,1,38,1,42,0,50,-1,1
"221",2015-03-17 08:19:31,2015-03-17 10:19:31,2015-03-17 10:20:19,82,32,200,32,2,32,1,32,0,50,-1,1
"222",2015-03-17 08:21:01,2015-03-17 10:21:01,2015-03-17 10:21:49,87,32,40,32,0,32,1,32,0,50,-1,1
"223",2015-03-17 08:22:31,2015-03-17 10:22:31,2015-03-17 10:23:25,92,42,40,32,0,32,1,42,0,50,-1,1
"224",2015-03-17 08:24:01,2015-03-17 10:24:01,2015-03-17 10:24:56,97,42,0,40,0,61,1,61,0,50,-1,1
"225",2015-03-17 08:25:31,2015-03-17 10:25:31,2015-03-17 10:26:25,94,32,160,32,1,32,1,32,0,50,-1,1
"226",2015-03-17 08:27:01,2015-03-17 10:27:01,2015-03-17 10:27:54,84,32,320,32,2,32,1,32,0,50,-1,1
"227",2015-03-17 08:28:31,2015-03-17 10:28:31,2015-03-17 10:29:24,89,32,160,32,1,32,1,32,0,50,-1,1
"228",2015-03-17 08:30:01,2015-03-17 10:30:01,2015-03-17 10:30:52,92,32,80,32,1,32,1,32,0,50,-1,1
"229",2015-03-17 08:31:31,2015-03-17 10:31:31,2015-03-17 10:32:22,91,32,120,32,1,32,1,32,0,50,-1,1
"230",2015-03-17 08:33:01,2015-03-17 10:33:01,2015-03-17 10:34:00,93,32,160,32,1,32,1,32,0,50,-1,1
"231",2015-03-17 08:34:31,2015-03-17 10:34:31,2015-03-17 10:35:21,92,32,40,32,0,32,1,32,0,50,-1,1
"232",2015-03-17 08:36:01,2015-03-17 10:36:01,2015-03-17 10:36:50,96,32,40,32,0,32,1,32,0,50,-1,1
"233",2015-03-17 08:37:31,2015-03-17 10:37:31,2015-03-17 10:38:19,44,32,240,32,8,32,1,32,0,50,-1,1
"234",2015-03-17 08:39:01,2015-03-17 10:39:01,2015-03-17 10:39:49,15,32,200,32,9,32,1,32,0,50,-1,1
"235",2015-03-17 08:40:31,2015-03-17 10:40:31,2015-03-17 10:41:24,10,32,160,32,10,32,1,32,0,50,-1,1
"236",2015-03-17 08:42:01,2015-03-17 10:42:01,2015-03-17 10:42:56,11,32,200,32,12,32,1,32,0,50,-1,1
"237",2015-03-17 08:43:31,2015-03-17 10:43:31,2015-03-17 10:44:23,3,32,40,32,20,32,1,32,0,50,-1,1
"238",2015-03-17 08:45:01,2015-03-17 10:45:01,2015-03-17 10:45:49,8,32,200,32,12,32,1,32,0,50,-1,1
"239",2015-03-17 08:46:31,2015-03-17 10:46:31,2015-03-17 10:47:19,13,32,240,32,6,32,1,32,0,50,-1,1
"240",2015-03-17 08:48:01,2015-03-17 10:48:01,2015-03-17 10:48:49,18,32,120,32,3,32,1,32,0,50,-1,1
"241",2015-03-17 08:49:31,2015-03-17 10:49:31,2015-03-17 10:50:20,4,32,200,32,11,32,1,32,0,50,-1,1
"242",2015-03-17 08:51:01,2015-03-17 10:51:01,2015-03-17 10:51:54,6,32,280,32,19,32,1,32,0,50,-1,1
"243",2015-03-17 08:52:31,2015-03-17 10:52:31,2015-03-17 10:53:18,11,32,400,32,15,32,1,32,0,50,-1,1
"244",2015-03-17 08:54:01,2015-03-17 10:54:01,2015-03-17 10:54:49,16,32,200,32,7,32,1,32,0,50,-1,1
"245",2015-03-17 08:55:31,2015-03-17 10:55:31,2015-03-17 10:56:18,5,32,200,32,15,32,1,32,0,50,-1,1
"246",2015-03-17 08:57:01,2015-03-17 10:57:01,2015-03-17 10:57:52,2,32,80,32,21,32,1,32,0,50,-1,1
"247",2015-03-17 08:58:31,2015-03-17 10:58:31,2015-03-17 10:59:25,2,32,80,32,21,32,1,32,0,50,-1,1
"248",2015-03-17 09:00:01,2015-03-17 11:00:01,2015-03-17 11:00:48,5,32,240,32,21,32,1,32,0,50,-1,1
"249",2015-03-17 09:01:31,2015-03-17 11:01:31,2015-03-17 11:02:25,10,32,320,32,13,32,1,32,0,50,-1,1
"250",2015-03-17 09:03:01,2015-03-17 11:03:01,2015-03-17 11:03:51,15,32,120,32,5,32,1,32,0,50,-1,1
"251",2015-03-17 09:04:31,2015-03-17 11:04:31,2015-03-17 11:05:18,20,32,0,40,5,38,1,40,0,50,-1,1
"252",2015-03-17 09:06:01,2015-03-17 11:06:01,2015-03-17 11:06:51,25,32,200,32,2,32,1,32,0,50,-1,1
"253",2015-03-17 09:07:31,2015-03-17 11:07:31,2015-03-17 11:08:22,30,32,320,32,2,32,1,32,0,50,-1,1
"254",2015-03-17 09:09:01,2015-03-17 11:09:01,2015-03-17 11:09:49,35,32,120,32,0,32,1,32,0,50,-1,1
"255",2015-03-17 09:10:31,2015-03-17 11:10:31,2015-03-17 11:11:22,40,42,0,40,0,61,1,61,0,50,-1,1
"256",2015-03-17 09:12:01,2015-03-17 11:12:01,2015-03-17 11:12:52,45,32,120,32,1,32,1,32,0,50,-1,1
"257",2015-03-17 09:13:31,2015-03-17 11:13:31,2015-03-17 11:14:19,50,32,320,32,3,32,1,32,0,50,-1,1
"258",2015-03-17 09:15:01,2015-03-17 11:15:01,2015-03-17 11:15:48,55,32,120,32,1,32,1,32,0,50,-1,1
"259",2015-03-17 09:16:31,2015-03-17 11:16:31,2015-03-17 11:17:19,60,42,0,40,1,38,1,42,0,50,-1,1
"260",2015-03-17 09:18:01,2015-03-17 11:18:01,2015-03-17 11:18:49,65,32,200,32,1,32,1,32,0,50,-1,1
"261",2015-03-17 09:19:31,2015-03-17 11:19:31,2015-03-17 11:20:19,70,32,200,32,1,32,1,32,0,50,-1,1
"262",2015-03-17 09:21:01,2015-03-17 11:21:01,2015-03-17 11:21:49,75,32,80,32,1,32,1,32,0,50,-1,1
"263",2015-03-17 09:22:31,2015-03-17 11:22:31,2015-03-17 11:23:22,80,32,40,32,0,32,1,32,0,50,-1,1
"264",2015-03-17 09:24:01,2015-03-17 11:24:01,2015-03-17 11:24:50,85,42,40,32,0,32,1,42,0,50,-1,1
"265",2015-03-17 09:25:31,2015-03-17 11:25:31,2015-03-17 11:26:19,83,32,240,32,3,32,1,32,0,50,-1,1
"266",2015-03-17 09:27:01,2015-03-17 11:27:01,2015-03-17 11:27:49,88,32,120,32,1,32,1,32,0,50,-1,1
"267",2015-03-17 09:28:31,2015-03-17 11:28:31,2015-03-17 11:29:19,93,32,40,32,0,32,1,32,0,50,-1,1
"268",2015-03-17 09:30:01,2015-03-17 11:30:01,2015-03-17 11:30:49,89,32,200,32,1,32,1,32,0,50,-1,1
"269",2015-03-17 09:31:31,2015-03-17 11:31:31,2015-03-17 11:32:24,88,32,160,32,1,32,1,32,0,50,-1,1
"270",2015-03-17 09:33:01,2015-03-17 11:33:01,2015-03-17 11:33:48,93,42,0,40,1,38,1,42,0,50,-1,1
"271",2015-03-17 09:34:31,2015-03-17 11:34:31,2015-03-17 11:35:18,71,32,200,32,9,32,1,32,0,50,-1,1
"272",2015-03-17 09:36:01,2015-03-17 11:36:01,2015-03-17 11:36:49,76,32,200,32,1,32,1,32,0,50,-1,1
"273",2015-03-17 09:37:31,2015-03-17 11:37:31,2015-03-17 11:38:19,81,32,360,32,3,32,1,32,0,50,-1,1
"274",2015-03-17 09:39:01,2015-03-17 11:39:01,2015-03-17 11:39:49,86,42,160,40,3,38,1,42,0,50,-1,1
"275",2015-03-17 09:40:31,2015-03-17 11:40:31,2015-03-17 11:41:24,91,42,0,40,3,38,1,42,0,50,-1,1
"276",2015-03-17 09:42:01,2015-03-17 11:42:01,2015-03-17 11:42:49,90,32,200,32,1,32,1,32,0,50,-1,1
"277",2015-03-17 09:43:31,2015-03-17 11:43:31,2015-03-17 11:44:19,78,32,80,32,1,32,1,32,0,50,-1,1
"278",2015-03-17 09:45:01,2015-03-17 11:45:01,2015-03-17 11:45:16,83,32,120,32,1,32,1,32,0,50,-1,1
"279",2015-03-17 09:46:31,2015-03-17 11:46:31,2015-03-17 11:47:22,88,32,120,32,1,32,1,32,0,50,-1,1
"280",2015-03-17 09:48:01,2015-03-17 11:48:01,2015-03-17 11:48:49,93,42,40,32,0,32,1,42,0,50,-1,1
"281",2015-03-17 09:49:31,2015-03-17 11:49:31,2015-03-17 11:50:19,94,32,80,32,1,32,1,32,0,50,-1,1
"282",2015-03-17 09:51:01,2015-03-17 11:51:01,2015-03-17 11:51:49,91,32,200,32,1,32,1,32,0,50,-1,1
"283",2015-03-17 09:52:31,2015-03-17 11:52:31,2015-03-17 11:53:22,96,42,0,40,1,38,1,42,0,50,-1,1
"284",2015-03-17 09:54:01,2015-03-17 11:54:01,2015-03-17 11:54:49,99,42,200,32,1,32,1,42,0,50,-1,1
"285",2015-03-17 09:55:31,2015-03-17 11:55:31,2015-03-17 11:56:19,78,32,200,32,2,32,1,32,0,50,-1,1
"286",2015-03-17 09:57:01,2015-03-17 11:57:01,2015-03-17 11:58:01,83,32,360,32,2,32,1,32,0,50,-1,1
"287",2015-03-17 09:58:31,2015-03-17 11:58:31,2015-03-17 11:59:25,40,32,160,32,1,32,1,32,0,50,-1,1
"288",2015-03-17 10:00:01,2015-03-17 12:00:01,2015-03-17 12:00:51,27,32,80,32,2,32,1,32,0,50,-1,1
"289",2015-03-17 10:01:31,2015-03-17 12:01:31,2015-03-17 12:02:19,32,32,200,32,4,32,1,32,0,50,-1,1
"290",2015-03-17 10:03:01,2015-03-17 12:03:01,2015-03-17 12:03:54,23,32,80,32,2,32,1,32,0,50,-1,1
"291",2015-03-17 10:04:31,2015-03-17 12:04:31,2015-03-17 12:05:21,28,42,40,32,0,32,1,42,0,50,-1,1
"292",2015-03-17 10:06:01,2015-03-17 12:06:01,2015-03-17 12:06:50,33,32,120,32,1,32,1,32,0,50,-1,1
"293",2015-03-17 10:07:31,2015-03-17 12:07:31,2015-03-17 12:08:25,38,42,40,32,0,32,1,42,0,50,-1,1
"294",2015-03-17 10:09:01,2015-03-17 12:09:01,2015-03-17 12:09:51,43,42,0,40,0,61,1,61,0,50,-1,1
"295",2015-03-17 10:10:31,2015-03-17 12:10:31,2015-03-17 12:11:22,48,42,0,40,0,61,1,61,0,50,-1,1
"296",2015-03-17 10:12:01,2015-03-17 12:12:01,2015-03-17 12:12:52,53,32,160,32,1,32,1,32,0,50,-1,1
"297",2015-03-17 10:13:31,2015-03-17 12:13:31,2015-03-17 12:14:45,58,32,40,32,0,32,1,32,0,50,-1,1
"298",2015-03-17 10:15:01,2015-03-17 12:15:01,2015-03-17 12:15:48,63,32,40,32,0,32,1,32,0,50,-1,1
"299",2015-03-17 10:16:31,2015-03-17 12:16:31,2015-03-17 12:17:19,27,32,160,32,4,32,1,32,0,50,-1,1
"300",2015-03-17 10:18:01,2015-03-17 12:18:01,2015-03-17 12:18:49,32,42,0,40,4,38,1,42,0,50,-1,1
"301",2015-03-17 10:19:31,2015-03-17 12:19:31,2015-03-17 12:20:19,37,32,200,32,3,32,1,32,0,50,-1,1
"302",2015-03-17 10:21:01,2015-03-17 12:21:01,2015-03-17 12:21:49,42,32,80,32,1,32,1,32,0,50,-1,1
"303",2015-03-17 10:22:31,2015-03-17 12:22:31,2015-03-17 12:23:19,47,32,80,32,1,32,1,32,0,50,-1,1
"304",2015-03-17 10:24:01,2015-03-17 12:24:01,2015-03-17 12:24:49,52,42,40,32,0,32,1,42,0,50,-1,1
"305",2015-03-17 10:25:31,2015-03-17 12:25:31,2015-03-17 12:26:25,57,32,240,32,3,32,1,32,0,50,-1,1
"306",2015-03-17 10:27:01,2015-03-17 12:27:01,2015-03-17 12:27:49,29,32,160,32,4,32,1,32,0,50,-1,1
"307",2015-03-17 10:28:31,2015-03-17 12:28:31,2015-03-17 12:29:27,34,32,360,32,7,32,1,32,0,50,-1,1
"308",2015-03-17 10:30:01,2015-03-17 12:30:01,2015-03-17 12:30:47,39,32,160,32,1,32,1,32,0,50,-1,1
"309",2015-03-17 10:31:31,2015-03-17 12:31:31,2015-03-17 12:32:23,44,32,160,32,1,32,1,32,0,50,-1,1
"310",2015-03-17 10:33:01,2015-03-17 12:33:01,2015-03-17 12:33:49,49,32,200,32,2,32,1,32,0,50,-1,1
"311",2015-03-17 10:34:31,2015-03-17 12:34:31,2015-03-17 12:35:19,54,32,40,32,0,32,1,32,0,50,-1,1
"312",2015-03-17 10:36:01,2015-03-17 12:36:01,2015-03-17 12:36:19,59,32,80,32,1,32,1,32,0,50,-1,1
"313",2015-03-17 10:37:31,2015-03-17 12:37:31,2015-03-17 12:38:19,64,32,240,32,2,32,1,32,0,50,-1,1
"314",2015-03-17 10:39:01,2015-03-17 12:39:01,2015-03-17 12:39:49,69,32,240,32,2,32,1,32,0,50,-1,1
"315",2015-03-17 10:40:31,2015-03-17 12:40:31,2015-03-17 12:41:19,74,32,120,32,1,32,1,32,0,50,-1,1
"316",2015-03-17 10:42:01,2015-03-17 12:42:01,2015-03-17 12:42:48,79,32,80,32,1,32,1,32,0,50,-1,1
"317",2015-03-17 10:43:31,2015-03-17 12:43:31,2015-03-17 12:44:19,84,32,200,32,1,32,1,32,0,50,-1,1
"318",2015-03-17 10:45:01,2015-03-17 12:45:01,2015-03-17 12:45:49,88,32,160,32,1,32,1,32,0,50,-1,1
"319",2015-03-17 10:46:31,2015-03-17 12:46:31,2015-03-17 12:47:19,90,32,200,32,1,32,1,32,0,50,-1,1
"320",2015-03-17 10:48:01,2015-03-17 12:48:01,2015-03-17 12:48:54,77,32,40,32,0,32,1,32,0,50,-1,1
"321",2015-03-17 10:49:31,2015-03-17 12:49:31,2015-03-17 12:50:19,82,42,40,32,0,32,1,42,0,50,-1,1
"322",2015-03-17 10:51:01,2015-03-17 12:51:01,2015-03-17 12:51:52,87,32,160,32,1,32,1,32,0,50,-1,1
"323",2015-03-17 10:52:31,2015-03-17 12:52:31,2015-03-17 12:53:25,88,32,80,32,1,32,1,32,0,50,-1,1
"324",2015-03-17 10:54:01,2015-03-17 12:54:01,2015-03-17 12:54:52,93,32,160,32,1,32,1,32,0,50,-1,1
"325",2015-03-17 10:55:31,2015-03-17 12:55:31,2015-03-17 12:56:19,66,32,200,32,2,32,1,32,0,50,-1,1
"326",2015-03-17 10:57:01,2015-03-17 12:57:01,2015-03-17 12:57:58,71,32,160,32,1,32,1,32,0,50,-1,1
"327",2015-03-17 10:58:31,2015-03-17 12:58:31,2015-03-17 12:59:25,76,42,0,40,1,38,1,42,0,50,-1,1
"328",2015-03-17 11:00:01,2015-03-17 13:00:01,2015-03-17 13:00:49,81,32,120,32,1,32,1,32,0,50,-1,1
"329",2015-03-17 11:01:31,2015-03-17 13:01:31,2015-03-17 13:02:25,65,32,80,32,1,32,1,32,0,50,-1,1
"330",2015-03-17 11:03:01,2015-03-17 13:03:01,2015-03-17 13:03:55,70,32,280,32,3,32,1,32,0,50,-1,1
"331",2015-03-17 11:04:31,2015-03-17 13:04:31,2015-03-17 13:05:18,75,42,80,32,0,32,1,42,0,50,-1,1
"332",2015-03-17 11:06:01,2015-03-17 13:06:01,2015-03-17 13:06:52,80,32,120,32,1,32,1,32,0,50,-1,1
"333",2015-03-17 11:07:31,2015-03-17 13:07:31,2015-03-17 13:08:19,85,32,80,32,1,32,1,32,0,50,-1,1
"334",2015-03-17 11:09:01,2015-03-17 13:09:01,2015-03-17 13:09:49,75,32,120,32,1,32,1,32,0,50,-1,1
"335",2015-03-17 11:10:31,2015-03-17 13:10:31,2015-03-17 13:11:19,80,32,40,32,0,32,1,32,0,50,-1,1
"336",2015-03-17 11:12:01,2015-03-17 13:12:01,2015-03-17 13:12:55,79,32,240,32,2,32,1,32,0,50,-1,1
"337",2015-03-17 11:13:31,2015-03-17 13:13:31,2015-03-17 13:14:20,43,32,240,32,4,32,1,32,0,50,-1,1
"338",2015-03-17 11:15:01,2015-03-17 13:15:01,2015-03-17 13:15:52,1,32,80,32,12,32,1,32,0,50,-1,1
"339",2015-03-17 11:16:31,2015-03-17 13:16:31,2015-03-17 13:17:19,0,32,0,40,20,38,1,40,0,50,-1,1
"340",2015-03-17 11:18:01,2015-03-17 13:18:01,2015-03-17 13:18:56,5,32,160,32,12,32,1,32,0,50,-1,1
"341",2015-03-17 11:19:31,2015-03-17 13:19:31,2015-03-17 13:20:18,10,32,240,32,4,32,1,32,0,50,-1,1
"342",2015-03-17 11:21:01,2015-03-17 13:21:01,2015-03-17 13:21:51,15,32,120,32,1,32,1,32,0,50,-1,1
"343",2015-03-17 11:22:31,2015-03-17 13:22:31,2015-03-17 13:23:19,20,42,0,40,1,38,1,42,0,50,-1,1
"344",2015-03-17 11:24:01,2015-03-17 13:24:01,2015-03-17 13:24:52,25,32,80,32,1,32,1,32,0,50,-1,1
"345",2015-03-17 11:25:31,2015-03-17 13:25:31,2015-03-17 13:26:19,30,32,200,32,1,32,1,32,0,50,-1,1
"346",2015-03-17 11:27:01,2015-03-17 13:27:01,2015-03-17 13:27:49,35,32,240,32,2,32,1,32,0,50,-1,1
"347",2015-03-17 11:28:31,2015-03-17 13:28:31,2015-03-17 13:29:20,1,32,40,32,10,32,1,32,0,50,-1,1
"348",2015-03-17 11:30:01,2015-03-17 13:30:01,2015-03-17 13:30:49,6,32,120,32,2,32,1,32,0,50,-1,1
"349",2015-03-17 11:31:31,2015-03-17 13:31:31,2015-03-17 13:32:20,11,32,120,32,1,32,1,32,0,50,-1,1
"350",2015-03-17 11:33:01,2015-03-17 13:33:01,2015-03-17 13:33:54,16,32,320,32,9,32,1,32,0,50,-1,1
"351",2015-03-17 11:34:31,2015-03-17 13:34:31,2015-03-17 13:35:18,3,32,120,40,17,38,1,40,0,50,-1,1
"352",2015-03-17 11:36:01,2015-03-17 13:36:01,2015-03-17 13:36:55,8,42,40,32,9,32,1,42,0,50,-1,1
"353",2015-03-17 11:37:31,2015-03-17 13:37:31,2015-03-17 13:38:41,13,42,0,40,9,38,1,42,0,50,-1,1
"354",2015-03-17 11:39:01,2015-03-17 13:39:01,2015-03-17 13:39:18,18,42,40,32,1,32,1,42,0,50,-1,1
"355",2015-03-17 11:40:31,2015-03-17 13:40:31,2015-03-17 13:41:23,23,42,0,40,1,38,1,42,0,50,-1,1
"356",2015-03-17 11:42:01,2015-03-17 13:42:01,2015-03-17 13:42:48,28,42,200,32,2,32,1,42,0,50,-1,1
"357",2015-03-17 11:43:31,2015-03-17 13:43:31,2015-03-17 13:44:19,99999,58,0,40,2,38,2,58,0,50,-1,1
"358",2015-03-17 11:45:01,2015-03-17 13:45:01,2015-03-17 13:45:58,82,32,40,32,0,32,1,32,0,50,-1,0
"359",2015-03-17 11:46:31,2015-03-17 13:46:31,2015-03-17 13:47:19,100,42,0,40,0,61,1,61,0,50,-1,1
"360",2015-03-17 11:48:01,2015-03-17 13:48:01,2015-03-17 13:48:48,78,32,40,32,0,32,1,32,0,50,-1,1
"361",2015-03-17 11:49:31,2015-03-17 13:49:31,2015-03-17 13:50:22,70,32,200,32,2,32,1,32,0,50,-1,1
"362",2015-03-17 11:51:01,2015-03-17 13:51:01,2015-03-17 13:51:53,98,42,40,32,0,32,1,42,0,50,-1,1
"363",2015-03-17 11:52:31,2015-03-17 13:52:31,2015-03-17 13:53:19,17,32,40,32,2,32,1,32,0,50,-1,1
"364",2015-03-17 11:54:01,2015-03-17 13:54:01,2015-03-17 13:54:49,3,32,120,32,10,32,1,32,0,50,-1,1
"365",2015-03-17 11:55:31,2015-03-17 13:55:31,2015-03-17 13:56:19,8,32,0,40,10,38,1,40,0,50,-1,1
"366",2015-03-17 11:57:01,2015-03-17 13:57:01,2015-03-17 13:57:48,13,42,0,40,10,38,1,42,0,50,-1,1
"367",2015-03-17 11:58:31,2015-03-17 13:58:31,2015-03-17 13:59:19,18,32,40,32,2,32,1,32,0,50,-1,1
"368",2015-03-17 12:00:01,2015-03-17 14:00:01,2015-03-17 14:00:48,23,32,240,32,2,32,1,32,0,50,-1,1
"369",2015-03-17 12:01:31,2015-03-17 14:01:31,2015-03-17 14:02:25,28,32,160,32,1,32,1,32,0,50,-1,1
"370",2015-03-17 12:03:01,2015-03-17 14:03:01,2015-03-17 14:03:55,33,42,40,32,0,32,1,42,0,50,-1,1
"371",2015-03-17 12:04:31,2015-03-17 14:04:31,2015-03-17 14:05:25,38,42,0,40,0,61,1,61,0,50,-1,1
"372",2015-03-17 12:06:01,2015-03-17 14:06:01,2015-03-17 14:06:48,43,42,40,32,0,32,1,42,0,50,-1,1
"373",2015-03-17 12:07:31,2015-03-17 14:07:31,2015-03-17 14:08:19,48,32,240,32,2,32,1,32,0,50,-1,1
"374",2015-03-17 12:09:01,2015-03-17 14:09:01,2015-03-17 14:09:52,53,42,40,32,0,32,1,42,0,50,-1,1
"375",2015-03-17 12:10:31,2015-03-17 14:10:31,2015-03-17 14:11:24,58,42,40,32,0,32,1,42,0,50,-1,1
"376",2015-03-17 12:12:01,2015-03-17 14:12:01,2015-03-17 14:12:55,63,42,80,32,1,32,1,42,0,50,-1,1
"377",2015-03-17 12:13:31,2015-03-17 14:13:31,2015-03-17 14:14:19,68,42,80,32,1,32,1,42,0,50,-1,1
"378",2015-03-17 12:15:01,2015-03-17 14:15:01,2015-03-17 14:15:52,73,32,160,32,1,32,1,32,0,50,-1,1
"379",2015-03-17 12:16:31,2015-03-17 14:16:31,2015-03-17 14:17:20,78,42,0,40,1,38,1,42,0,50,-1,1
"380",2015-03-17 12:18:01,2015-03-17 14:18:01,2015-03-17 14:18:55,83,42,40,32,0,32,1,42,0,50,-1,1
"381",2015-03-17 12:19:31,2015-03-17 14:19:31,2015-03-17 14:20:23,88,32,120,32,1,32,1,32,0,50,-1,1
"382",2015-03-17 12:21:01,2015-03-17 14:21:01,2015-03-17 14:21:56,93,42,0,40,1,38,1,42,0,50,-1,1
"383",2015-03-17 12:22:31,2015-03-17 14:22:31,2015-03-17 14:23:18,98,42,0,40,1,38,1,42,0,50,-1,1
"384",2015-03-17 12:24:01,2015-03-17 14:24:01,2015-03-17 14:24:50,100,42,40,32,0,32,1,42,0,50,-1,1
"385",2015-03-17 12:25:31,2015-03-17 14:25:31,2015-03-17 14:26:25,96,32,120,32,1,32,1,32,0,50,-1,1
"386",2015-03-17 12:27:01,2015-03-17 14:27:01,2015-03-17 14:27:49,100,42,0,40,1,38,1,42,0,50,-1,1
"387",2015-03-17 12:28:31,2015-03-17 14:28:31,2015-03-17 14:29:26,95,32,120,32,1,32,1,32,0,50,-1,1
"388",2015-03-17 12:30:01,2015-03-17 14:30:01,2015-03-17 14:30:49,100,42,0,40,1,38,1,42,0,50,-1,1
"389",2015-03-17 12:31:31,2015-03-17 14:31:31,2015-03-17 14:32:22,98,42,80,32,1,32,1,42,0,50,-1,1
"390",2015-03-17 12:33:01,2015-03-17 14:33:01,2015-03-17 14:33:54,100,42,40,32,0,32,1,42,0,50,-1,1
"391",2015-03-17 12:34:31,2015-03-17 14:34:31,2015-03-17 14:35:19,100,42,0,40,0,61,1,61,0,50,-1,1
"392",2015-03-17 12:36:01,2015-03-17 14:36:01,2015-03-17 14:36:54,100,42,0,40,0,61,1,61,0,50,-1,1
"393",2015-03-17 12:37:31,2015-03-17 14:37:31,2015-03-17 14:38:25,87,32,40,32,0,32,1,32,0,50,-1,1
"394",2015-03-17 12:39:01,2015-03-17 14:39:01,2015-03-17 14:39:55,92,42,80,32,1,32,1,42,0,50,-1,1
"395",2015-03-17 12:40:31,2015-03-17 14:40:31,2015-03-17 14:41:22,97,42,0,40,1,38,1,42,0,50,-1,1
"396",2015-03-17 12:42:01,2015-03-17 14:42:01,2015-03-17 14:42:50,96,32,120,32,1,32,1,32,0,50,-1,1
"397",2015-03-17 12:43:31,2015-03-17 14:43:31,2015-03-17 14:44:24,96,32,80,32,1,32,1,32,0,50,-1,1
"398",2015-03-17 12:45:01,2015-03-17 14:45:01,2015-03-17 14:45:52,100,42,80,32,1,32,1,42,0,50,-1,1
"399",2015-03-17 12:46:31,2015-03-17 14:46:31,2015-03-17 14:47:19,100,42,0,40,1,38,1,42,0,50,-1,1
"400",2015-03-17 12:48:01,2015-03-17 14:48:01,2015-03-17 14:48:49,88,32,80,32,1,32,1,32,0,50,-1,1
"401",2015-03-17 12:49:31,2015-03-17 14:49:31,2015-03-17 14:50:19,93,42,40,32,0,32,1,42,0,50,-1,1
"402",2015-03-17 12:51:01,2015-03-17 14:51:01,2015-03-17 14:51:48,98,42,0,40,0,61,1,61,0,50,-1,1
"403",2015-03-17 12:52:31,2015-03-17 14:52:31,2015-03-17 14:53:22,100,42,0,40,0,61,1,61,0,50,-1,1
"404",2015-03-17 12:54:01,2015-03-17 14:54:01,2015-03-17 14:54:53,100,42,0,40,0,61,1,61,0,50,-1,1
"405",2015-03-17 12:55:31,2015-03-17 14:55:31,2015-03-17 14:55:45,100,42,0,40,0,61,1,61,0,50,-1,1
"406",2015-03-17 12:57:01,2015-03-17 14:57:01,2015-03-17 14:57:55,99999,58,40,32,0,32,2,58,0,50,-1,1
"407",2015-03-17 12:58:31,2015-03-17 14:58:31,2015-03-17 14:59:22,99999,58,0,40,99999,61,2,61,0,50,-1,0
"408",2015-03-17 13:00:01,2015-03-17 15:00:01,2015-03-17 15:00:49,99999,58,40,32,0,32,2,58,0,50,-1,0
"409",2015-03-17 13:01:31,2015-03-17 15:01:31,2015-03-17 15:02:41,99999,58,0,40,99999,61,2,61,0,50,-1,0
"410",2015-03-17 13:03:01,2015-03-17 15:03:01,2015-03-17 15:03:49,100,32,0,32,99999,54,2,54,0,50,-1,0
"411",2015-03-17 13:04:31,2015-03-17 15:04:31,2015-03-17 15:05:19,100,32,0,32,99999,54,2,54,0,50,-1,0
"412",2015-03-17 13:06:01,2015-03-17 15:06:01,2015-03-17 15:06:49,99999,58,40,32,0,32,2,58,0,50,-1,0
"413",2015-03-17 13:07:31,2015-03-17 15:07:31,2015-03-17 15:08:19,99999,58,0,40,99999,61,2,61,0,50,-1,0
"414",2015-03-17 13:09:01,2015-03-17 15:09:01,2015-03-17 15:09:49,96,32,160,32,1,32,1,32,0,50,-1,0
"415",2015-03-17 13:10:31,2015-03-17 15:10:31,2015-03-17 15:11:22,100,42,0,40,1,38,1,42,0,50,-1,1
"416",2015-03-17 13:12:01,2015-03-17 15:12:01,2015-03-17 15:12:50,100,42,0,40,1,38,1,42,0,50,-1,1
"417",2015-03-17 13:13:31,2015-03-17 15:13:31,2015-03-17 15:14:18,100,42,0,40,1,38,1,42,0,50,-1,1
"418",2015-03-17 13:15:01,2015-03-17 15:15:01,2015-03-17 15:15:49,100,42,0,40,1,38,1,42,0,50,-1,1
"419",2015-03-17 13:16:31,2015-03-17 15:16:31,2015-03-17 15:17:18,100,42,0,40,1,38,1,42,0,50,-1,1
"420",2015-03-17 13:18:01,2015-03-17 15:18:01,2015-03-17 15:18:49,99999,58,80,32,1,32,2,58,0,50,-1,1
"421",2015-03-17 13:19:31,2015-03-17 15:19:31,2015-03-17 15:20:19,99999,58,40,32,0,32,2,58,0,50,-1,0
"422",2015-03-17 13:21:01,2015-03-17 15:21:01,2015-03-17 15:21:49,99999,58,0,40,99999,61,2,61,0,50,-1,0
"423",2015-03-17 13:22:31,2015-03-17 15:22:31,2015-03-17 15:23:19,100,32,0,32,99999,54,2,54,0,50,-1,0
"424",2015-03-17 13:24:01,2015-03-17 15:24:01,2015-03-17 15:24:49,99999,58,80,32,1,32,2,58,0,50,-1,0
"425",2015-03-17 13:25:31,2015-03-17 15:25:31,2015-03-17 15:26:24,99999,58,80,32,1,32,2,58,0,50,-1,0
"426",2015-03-17 13:27:01,2015-03-17 15:27:01,2015-03-17 15:27:52,99999,58,0,40,1,38,2,58,0,50,-1,0
"427",2015-03-17 13:28:31,2015-03-17 15:28:31,2015-03-17 15:29:19,99999,58,80,32,1,32,2,58,0,50,-1,0
"428",2015-03-17 13:30:01,2015-03-17 15:30:01,2015-03-17 15:30:49,97,32,160,32,1,32,1,32,0,50,-1,0
"429",2015-03-17 13:31:31,2015-03-17 15:31:31,2015-03-17 15:32:19,100,42,0,40,1,38,1,42,0,50,-1,1
"430",2015-03-17 13:33:01,2015-03-17 15:33:01,2015-03-17 15:33:49,100,42,0,40,1,38,1,42,0,50,-1,1
"431",2015-03-17 13:34:31,2015-03-17 15:34:31,2015-03-17 15:35:19,99,42,40,32,0,32,1,42,0,50,-1,1
"432",2015-03-17 13:36:01,2015-03-17 15:36:01,2015-03-17 15:36:50,100,42,0,40,0,61,1,61,0,50,-1,1
"433",2015-03-17 13:37:31,2015-03-17 15:37:31,2015-03-17 15:38:21,99,42,40,32,0,32,1,42,0,50,-1,1
"434",2015-03-17 13:39:01,2015-03-17 15:39:01,2015-03-17 15:39:52,91,32,160,32,1,32,1,32,0,50,-1,1
"435",2015-03-17 13:40:31,2015-03-17 15:40:31,2015-03-17 15:41:19,96,42,80,32,1,32,1,42,0,50,-1,1
"436",2015-03-17 13:42:01,2015-03-17 15:42:01,2015-03-17 15:42:52,98,42,40,32,0,32,1,42,0,50,-1,1
"437",2015-03-17 13:43:31,2015-03-17 15:43:31,2015-03-17 15:44:22,96,32,160,32,1,32,1,32,0,50,-1,1
"438",2015-03-17 13:45:01,2015-03-17 15:45:01,2015-03-17 15:45:52,99,42,80,32,1,32,1,42,0,50,-1,1
"439",2015-03-17 13:46:31,2015-03-17 15:46:31,2015-03-17 15:47:21,98,42,80,32,1,32,1,42,0,50,-1,1
"440",2015-03-17 13:48:01,2015-03-17 15:48:01,2015-03-17 15:48:52,97,32,160,32,1,32,1,32,0,50,-1,1
"441",2015-03-17 13:49:31,2015-03-17 15:49:31,2015-03-17 15:50:23,94,32,200,32,1,32,1,32,0,50,-1,1
"442",2015-03-17 13:51:01,2015-03-17 15:51:01,2015-03-17 15:51:52,1,32,0,40,9,38,1,40,0,50,-1,1
"443",2015-03-17 13:52:31,2015-03-17 15:52:31,2015-03-17 15:53:19,6,32,40,32,1,32,1,32,0,50,-1,1
"444",2015-03-17 13:54:01,2015-03-17 15:54:01,2015-03-17 15:54:54,11,32,80,32,1,32,1,32,0,50,-1,1
"445",2015-03-17 13:55:31,2015-03-17 15:55:31,2015-03-17 15:56:19,16,32,120,32,1,32,1,32,0,50,-1,1
"446",2015-03-17 13:57:01,2015-03-17 15:57:01,2015-03-17 15:57:49,21,42,0,40,1,38,1,42,0,50,-1,1
"447",2015-03-17 13:58:31,2015-03-17 15:58:31,2015-03-17 15:59:19,26,32,80,32,1,32,1,32,0,50,-1,1
"448",2015-03-17 14:00:01,2015-03-17 16:00:01,2015-03-17 16:00:49,31,32,40,32,0,32,1,32,0,50,-1,1
"449",2015-03-17 14:01:31,2015-03-17 16:01:31,2015-03-17 16:02:25,36,32,80,32,1,32,1,32,0,50,-1,1
"450",2015-03-17 14:03:01,2015-03-17 16:03:01,2015-03-17 16:03:48,41,32,40,32,0,32,1,32,0,50,-1,1
"451",2015-03-17 14:04:31,2015-03-17 16:04:31,2015-03-17 16:05:21,46,32,160,32,2,32,1,32,0,50,-1,1
"452",2015-03-17 14:06:01,2015-03-17 16:06:01,2015-03-17 16:06:49,51,32,40,32,0,32,1,32,0,50,-1,1
"453",2015-03-17 14:07:31,2015-03-17 16:07:31,2015-03-17 16:08:25,56,32,40,32,0,32,1,32,0,50,-1,1
"454",2015-03-17 14:09:01,2015-03-17 16:09:01,2015-03-17 16:10:06,7,32,40,32,8,32,1,32,0,50,-1,1
"455",2015-03-17 14:10:31,2015-03-17 16:10:31,2015-03-17 16:11:27,12,32,200,32,2,32,1,32,0,50,-1,1
"456",2015-03-17 14:12:01,2015-03-17 16:12:01,2015-03-17 16:12:50,17,32,240,32,3,32,1,32,0,50,-1,1
"457",2015-03-17 14:13:31,2015-03-17 16:13:31,2015-03-17 16:14:18,22,32,120,32,2,32,1,32,0,50,-1,1
"458",2015-03-17 14:15:01,2015-03-17 16:15:01,2015-03-17 16:15:54,27,32,160,32,1,32,1,32,0,50,-1,1
"459",2015-03-17 14:16:31,2015-03-17 16:16:31,2015-03-17 16:17:25,32,32,120,32,1,32,1,32,0,50,-1,1
"460",2015-03-17 14:18:01,2015-03-17 16:18:01,2015-03-17 16:18:49,37,32,280,32,2,32,1,32,0,50,-1,1
"461",2015-03-17 14:19:31,2015-03-17 16:19:31,2015-03-17 16:20:20,42,32,200,32,2,32,1,32,0,50,-1,1
"462",2015-03-17 14:21:01,2015-03-17 16:21:01,2015-03-17 16:21:49,47,42,0,40,2,38,1,42,0,50,-1,1
"463",2015-03-17 14:22:31,2015-03-17 16:22:31,2015-03-17 16:23:19,52,32,120,32,1,32,1,32,0,50,-1,1
"464",2015-03-17 14:24:01,2015-03-17 16:24:01,2015-03-17 16:24:48,57,32,120,32,1,32,1,32,0,50,-1,1
"465",2015-03-17 14:25:31,2015-03-17 16:25:31,2015-03-17 16:26:20,62,32,160,32,1,32,1,32,0,50,-1,1
"466",2015-03-17 14:27:01,2015-03-17 16:27:01,2015-03-17 16:27:49,67,42,0,40,1,38,1,42,0,50,-1,1
"467",2015-03-17 14:28:31,2015-03-17 16:28:31,2015-03-17 16:29:19,72,32,120,32,1,32,1,32,0,50,-1,1
"468",2015-03-17 14:30:01,2015-03-17 16:30:01,2015-03-17 16:30:52,47,32,320,32,5,32,1,32,0,50,-1,1
"469",2015-03-17 14:31:31,2015-03-17 16:31:31,2015-03-17 16:32:19,52,32,120,32,1,32,1,32,0,50,-1,1
"470",2015-03-17 14:33:01,2015-03-17 16:33:01,2015-03-17 16:33:48,7,32,280,32,9,32,1,32,0,50,-1,1
"471",2015-03-17 14:34:31,2015-03-17 16:34:31,2015-03-17 16:35:19,12,32,480,32,17,32,1,32,0,50,-1,1
"472",2015-03-17 14:36:01,2015-03-17 16:36:01,2015-03-17 16:36:50,17,32,680,32,25,32,1,32,0,50,-1,1
"473",2015-03-17 14:37:31,2015-03-17 16:37:31,2015-03-17 16:38:20,8,32,480,32,33,32,1,32,0,50,-1,1
"474",2015-03-17 14:39:01,2015-03-17 16:39:01,2015-03-17 16:39:48,13,32,560,32,25,32,1,32,0,50,-1,1
"475",2015-03-17 14:40:31,2015-03-17 16:40:31,2015-03-17 16:41:19,18,32,760,32,22,32,1,32,0,50,-1,1
"476",2015-03-17 14:42:01,2015-03-17 16:42:01,2015-03-17 16:42:49,10,32,560,32,30,32,1,32,0,50,-1,1
"477",2015-03-17 14:43:31,2015-03-17 16:43:31,2015-03-17 16:44:19,15,32,360,32,22,32,1,32,0,50,-1,1
"478",2015-03-17 14:45:01,2015-03-17 16:45:01,2015-03-17 16:45:54,20,32,160,32,14,32,1,32,0,50,-1,1
"479",2015-03-17 14:46:31,2015-03-17 16:46:31,2015-03-17 16:47:19,25,42,120,32,6,32,1,42,0,50,-1,1
"480",2015-03-17 14:48:01,2015-03-17 16:48:01,2015-03-17 16:48:49,30,42,40,32,0,32,1,42,0,50,-1,1
"481",2015-03-17 14:49:31,2015-03-17 16:49:31,2015-03-17 16:50:20,35,42,0,40,0,61,1,61,0,50,-1,1
"482",2015-03-17 14:51:01,2015-03-17 16:51:01,2015-03-17 16:51:49,40,32,200,32,2,32,1,32,0,50,-1,1
"483",2015-03-17 14:52:31,2015-03-17 16:52:31,2015-03-17 16:53:19,45,42,120,32,1,32,1,42,0,50,-1,1
"484",2015-03-17 14:54:01,2015-03-17 16:54:01,2015-03-17 16:54:49,50,42,0,40,1,38,1,42,0,50,-1,1
"485",2015-03-17 14:55:31,2015-03-17 16:55:31,2015-03-17 16:56:19,55,42,0,40,1,38,1,42,0,50,-1,1
"486",2015-03-17 14:57:01,2015-03-17 16:57:01,2015-03-17 16:57:54,60,32,120,32,1,32,1,32,0,50,-1,1
"487",2015-03-17 14:58:31,2015-03-17 16:58:31,2015-03-17 16:59:23,65,32,200,32,2,32,1,32,0,50,-1,1
"488",2015-03-17 15:00:01,2015-03-17 17:00:01,2015-03-17 17:00:51,70,42,40,32,0,32,1,42,0,50,-1,1
"489",2015-03-17 15:01:31,2015-03-17 17:01:31,2015-03-17 17:02:25,75,42,40,32,0,32,1,42,0,50,-1,1
"490",2015-03-17 15:03:01,2015-03-17 17:03:01,2015-03-17 17:03:52,80,42,0,40,0,61,1,61,0,50,-1,1
"491",2015-03-17 15:04:31,2015-03-17 17:04:31,2015-03-17 17:05:18,85,32,160,32,1,32,1,32,0,50,-1,1
"492",2015-03-17 15:06:01,2015-03-17 17:06:01,2015-03-17 17:06:49,90,32,320,32,2,32,1,32,0,50,-1,1
"493",2015-03-17 15:07:31,2015-03-17 17:07:31,2015-03-17 17:08:24,95,42,120,32,0,32,1,42,0,50,-1,1
"494",2015-03-17 15:09:01,2015-03-17 17:09:01,2015-03-17 17:09:52,98,42,40,32,0,32,1,42,0,50,-1,1
"495",2015-03-17 15:10:31,2015-03-17 17:10:31,2015-03-17 17:11:19,100,42,0,40,0,61,1,61,0,50,-1,1
"496",2015-03-17 15:12:01,2015-03-17 17:12:01,2015-03-17 17:12:49,100,42,0,40,0,61,1,61,0,50,-1,1
"497",2015-03-17 15:13:31,2015-03-17 17:13:31,2015-03-17 17:14:20,97,32,120,32,1,32,1,32,0,50,-1,1
"498",2015-03-17 15:15:01,2015-03-17 17:15:01,2015-03-17 17:15:49,91,32,80,32,1,32,1,32,0,50,-1,1
"499",2015-03-17 15:16:31,2015-03-17 17:16:31,2015-03-17 17:17:19,96,42,40,32,0,32,1,42,0,50,-1,1
"500",2015-03-17 15:18:01,2015-03-17 17:18:01,2015-03-17 17:18:55,82,32,240,32,3,32,1,32,0,50,-1,1
"501",2015-03-17 15:19:31,2015-03-17 17:19:31,2015-03-17 17:20:26,87,32,80,32,1,32,1,32,0,50,-1,1
"502",2015-03-17 15:21:01,2015-03-17 17:21:01,2015-03-17 17:21:48,92,42,0,40,1,38,1,42,0,50,-1,1
"503",2015-03-17 15:22:31,2015-03-17 17:22:31,2015-03-17 17:23:19,96,32,40,32,0,32,1,32,0,50,-1,1
"504",2015-03-17 15:24:01,2015-03-17 17:24:01,2015-03-17 17:24:49,40,32,240,32,7,32,1,32,0,50,-1,1
"505",2015-03-17 15:25:31,2015-03-17 17:25:31,2015-03-17 17:26:20,45,32,320,32,3,32,1,32,0,50,-1,1
"506",2015-03-17 15:27:01,2015-03-17 17:27:01,2015-03-17 17:27:52,50,32,120,32,1,32,1,32,0,50,-1,1
"507",2015-03-17 15:28:31,2015-03-17 17:28:31,2015-03-17 17:29:18,55,32,240,32,2,32,1,32,0,50,-1,1
"508",2015-03-17 15:30:01,2015-03-17 17:30:01,2015-03-17 17:30:49,60,32,240,32,3,32,1,32,0,50,-1,1
"509",2015-03-17 15:31:31,2015-03-17 17:31:31,2015-03-17 17:32:19,29,32,280,32,6,32,1,32,0,50,-1,1
"510",2015-03-17 15:33:01,2015-03-17 17:33:01,2015-03-17 17:34:04,34,32,160,32,1,32,1,32,0,50,-1,1
"511",2015-03-17 15:34:31,2015-03-17 17:34:31,2015-03-17 17:35:19,38,32,320,32,5,32,1,32,0,50,-1,1
"512",2015-03-17 15:36:01,2015-03-17 17:36:01,2015-03-17 17:36:52,42,32,440,32,7,32,1,32,0,50,-1,1
"513",2015-03-17 15:37:31,2015-03-17 17:37:31,2015-03-17 17:38:26,40,32,240,32,3,32,1,32,0,50,-1,1
"514",2015-03-17 15:39:01,2015-03-17 17:39:01,2015-03-17 17:39:48,45,32,40,32,0,32,1,32,0,50,-1,1
"515",2015-03-17 15:40:31,2015-03-17 17:40:31,2015-03-17 17:40:47,50,32,240,32,2,32,1,32,0,50,-1,1
"516",2015-03-17 15:42:01,2015-03-17 17:42:01,2015-03-17 17:42:49,55,32,280,32,2,32,1,32,0,50,-1,1
"517",2015-03-17 15:43:31,2015-03-17 17:43:31,2015-03-17 17:44:22,60,32,240,32,2,32,1,32,0,50,-1,1
"518",2015-03-17 15:45:01,2015-03-17 17:45:01,2015-03-17 17:45:49,65,42,40,40,2,38,1,42,0,50,-1,1
"519",2015-03-17 15:46:31,2015-03-17 17:46:31,2015-03-17 17:47:20,70,32,120,32,1,32,1,32,0,50,-1,1
"520",2015-03-17 15:48:01,2015-03-17 17:48:01,2015-03-17 17:48:48,75,32,320,32,3,32,1,32,0,50,-1,1
"521",2015-03-17 15:49:31,2015-03-17 17:49:31,2015-03-17 17:50:19,77,32,520,32,9,32,1,32,0,50,-1,1
"522",2015-03-17 15:51:01,2015-03-17 17:51:01,2015-03-17 17:51:49,82,42,320,32,1,32,1,42,0,50,-1,1
"523",2015-03-17 15:52:31,2015-03-17 17:52:31,2015-03-17 17:53:19,87,32,240,32,2,32,1,32,0,50,-1,1
"524",2015-03-17 15:54:01,2015-03-17 17:54:01,2015-03-17 17:54:55,92,32,120,32,1,32,1,32,0,50,-1,1
"525",2015-03-17 15:55:31,2015-03-17 17:55:31,2015-03-17 17:56:22,90,32,80,32,1,32,1,32,0,50,-1,1
"526",2015-03-17 15:57:01,2015-03-17 17:57:01,2015-03-17 17:57:50,95,42,0,40,1,38,1,42,0,50,-1,1
"527",2015-03-17 15:58:31,2015-03-17 17:58:31,2015-03-17 17:59:21,92,32,120,32,1,32,1,32,0,50,-1,1
"528",2015-03-17 16:00:01,2015-03-17 18:00:01,2015-03-17 18:00:49,71,32,240,32,2,32,1,32,0,50,-1,1
"529",2015-03-17 16:01:31,2015-03-17 18:01:31,2015-03-17 18:02:19,76,32,120,32,1,32,1,32,0,50,-1,1
"530",2015-03-17 16:03:01,2015-03-17 18:03:01,2015-03-17 18:03:48,59,32,120,32,1,32,1,32,0,50,-1,1
"531",2015-03-17 16:04:31,2015-03-17 18:04:31,2015-03-17 18:05:22,10,32,280,32,9,32,1,32,0,50,-1,1
"532",2015-03-17 16:06:01,2015-03-17 18:06:01,2015-03-17 18:06:16,15,32,80,32,1,32,1,32,0,50,-1,1
"533",2015-03-17 16:07:31,2015-03-17 18:07:31,2015-03-17 18:08:25,20,32,160,32,1,32,1,32,0,50,-1,1
"534",2015-03-17 16:09:01,2015-03-17 18:09:01,2015-03-17 18:09:49,25,32,80,32,1,32,1,32,0,50,-1,1
"535",2015-03-17 16:10:31,2015-03-17 18:10:31,2015-03-17 18:11:26,30,32,240,32,4,32,1,32,0,50,-1,1
"536",2015-03-17 16:12:01,2015-03-17 18:12:01,2015-03-17 18:12:49,35,32,120,32,2,32,1,32,0,50,-1,1
"537",2015-03-17 16:13:31,2015-03-17 18:13:31,2015-03-17 18:14:19,40,32,80,32,1,32,1,32,0,50,-1,1
"538",2015-03-17 16:15:01,2015-03-17 18:15:01,2015-03-17 18:15:49,45,42,40,32,0,32,1,42,0,50,-1,1
"539",2015-03-17 16:16:31,2015-03-17 18:16:31,2015-03-17 18:17:19,50,32,160,32,1,32,1,32,0,50,-1,1
"540",2015-03-17 16:18:01,2015-03-17 18:18:01,2015-03-17 18:18:49,55,32,160,32,1,32,1,32,0,50,-1,1
"541",2015-03-17 16:19:31,2015-03-17 18:19:31,2015-03-17 18:20:19,27,32,80,32,2,32,1,32,0,50,-1,1
"542",2015-03-17 16:21:01,2015-03-17 18:21:01,2015-03-17 18:21:52,32,42,0,40,2,38,1,42,0,50,-1,1
"543",2015-03-17 16:22:31,2015-03-17 18:22:31,2015-03-17 18:23:27,37,32,200,32,2,32,1,32,0,50,-1,1
"544",2015-03-17 16:24:01,2015-03-17 18:24:01,2015-03-17 18:24:49,42,32,240,32,2,32,1,32,0,50,-1,1
"545",2015-03-17 16:25:31,2015-03-17 18:25:31,2015-03-17 18:26:26,47,32,240,32,2,32,1,32,0,50,-1,1
"546",2015-03-17 16:27:01,2015-03-17 18:27:01,2015-03-17 18:27:55,0,32,40,40,10,38,1,40,0,50,-1,1
"547",2015-03-17 16:28:31,2015-03-17 18:28:31,2015-03-17 18:29:19,5,32,240,32,10,32,1,32,0,50,-1,1
"548",2015-03-17 16:30:01,2015-03-17 18:30:01,2015-03-17 18:30:49,10,32,200,32,4,32,1,32,0,50,-1,1
"549",2015-03-17 16:31:31,2015-03-17 18:31:31,2015-03-17 18:32:19,15,32,200,32,2,32,1,32,0,50,-1,1
"550",2015-03-17 16:33:01,2015-03-17 18:33:01,2015-03-17 18:33:49,20,32,40,32,0,32,1,32,0,50,-1,1
"551",2015-03-17 16:34:31,2015-03-17 18:34:31,2015-03-17 18:35:21,22,32,240,32,8,32,1,32,0,50,-1,1
"552",2015-03-17 16:36:01,2015-03-17 18:36:01,2015-03-17 18:36:49,6,32,160,32,16,32,1,32,0,50,-1,1
"553",2015-03-17 16:37:31,2015-03-17 18:37:31,2015-03-17 18:38:25,11,32,200,32,8,32,1,32,0,50,-1,1
"554",2015-03-17 16:39:01,2015-03-17 18:39:01,2015-03-17 18:39:51,16,32,80,32,1,32,1,32,0,50,-1,1
"555",2015-03-17 16:40:31,2015-03-17 18:40:31,2015-03-17 18:41:22,21,32,80,32,1,32,1,32,0,50,-1,1
"556",2015-03-17 16:42:01,2015-03-17 18:42:01,2015-03-17 18:42:49,26,32,240,32,2,32,1,32,0,50,-1,1
"557",2015-03-17 16:43:31,2015-03-17 18:43:31,2015-03-17 18:44:24,31,32,160,32,2,32,1,32,0,50,-1,1
"558",2015-03-17 16:45:01,2015-03-17 18:45:01,2015-03-17 18:45:55,1,32,40,32,10,32,1,32,0,50,-1,1
"559",2015-03-17 16:46:31,2015-03-17 18:46:31,2015-03-17 18:47:19,6,32,0,40,10,38,1,40,0,50,-1,1
"560",2015-03-17 16:48:01,2015-03-17 18:48:01,2015-03-17 18:48:49,11,32,120,32,3,32,1,32,0,50,-1,1
"561",2015-03-17 16:49:31,2015-03-17 18:49:31,2015-03-17 18:50:19,16,32,80,32,1,32,1,32,0,50,-1,1
"562",2015-03-17 16:51:01,2015-03-17 18:51:01,2015-03-17 18:51:49,21,32,40,32,0,32,1,32,0,50,-1,1
"563",2015-03-17 16:52:31,2015-03-17 18:52:31,2015-03-17 18:53:20,0,32,0,40,8,61,1,61,0,50,-1,1
"564",2015-03-17 16:54:01,2015-03-17 18:54:01,2015-03-17 18:54:49,5,32,160,32,12,32,1,32,0,50,-1,1
"565",2015-03-17 16:55:31,2015-03-17 18:55:31,2015-03-17 18:56:22,10,32,120,32,4,32,1,32,0,50,-1,1
"566",2015-03-17 16:57:01,2015-03-17 18:57:01,2015-03-17 18:58:07,15,32,280,32,2,32,1,32,0,50,-1,1
"567",2015-03-17 16:58:31,2015-03-17 18:58:31,2015-03-17 18:59:23,0,32,80,40,10,38,1,40,0,50,-1,1
"568",2015-03-17 17:00:01,2015-03-17 19:00:01,2015-03-17 19:00:49,5,32,160,32,9,32,1,32,0,50,-1,1
"569",2015-03-17 17:01:31,2015-03-17 19:01:31,2015-03-17 19:02:25,10,32,200,32,8,32,1,32,0,50,-1,1
"570",2015-03-17 17:03:01,2015-03-17 19:03:01,2015-03-17 19:03:49,15,32,160,32,1,32,1,32,0,50,-1,1
"571",2015-03-17 17:04:31,2015-03-17 19:04:31,2015-03-17 19:05:23,0,32,40,32,9,38,1,38,0,50,-1,1
"572",2015-03-17 17:06:01,2015-03-17 19:06:01,2015-03-17 19:06:49,5,32,200,32,2,32,1,32,0,50,-1,1
"573",2015-03-17 17:07:31,2015-03-17 19:07:31,2015-03-17 19:08:18,10,32,160,32,3,32,1,32,0,50,-1,1
"574",2015-03-17 17:09:01,2015-03-17 19:09:01,2015-03-17 19:09:49,4,32,160,32,11,32,1,32,0,50,-1,1
"575",2015-03-17 17:10:31,2015-03-17 19:10:31,2015-03-17 19:11:19,9,32,80,32,3,32,1,32,0,50,-1,1
"576",2015-03-17 17:12:01,2015-03-17 19:12:01,2015-03-17 19:12:49,14,32,160,32,2,32,1,32,0,50,-1,1
"577",2015-03-17 17:13:31,2015-03-17 19:13:31,2015-03-17 19:14:19,19,32,120,32,1,32,1,32,0,50,-1,1
"578",2015-03-17 17:15:01,2015-03-17 19:15:01,2015-03-17 19:15:51,24,32,200,32,2,32,1,32,0,50,-1,1
"579",2015-03-17 17:16:31,2015-03-17 19:16:31,2015-03-17 19:17:19,0,32,0,40,10,38,1,40,0,50,-1,1
"580",2015-03-17 17:18:01,2015-03-17 19:18:01,2015-03-17 19:18:49,5,32,200,32,18,32,1,32,0,50,-1,1
"581",2015-03-17 17:19:31,2015-03-17 19:19:31,2015-03-17 19:20:19,2,32,120,32,21,32,1,32,0,50,-1,1
"582",2015-03-17 17:21:01,2015-03-17 19:21:01,2015-03-17 19:21:48,7,32,40,32,13,32,1,32,0,50,-1,1
"583",2015-03-17 17:22:31,2015-03-17 19:22:31,2015-03-17 19:23:19,12,32,240,32,8,32,1,32,0,50,-1,1
"584",2015-03-17 17:24:01,2015-03-17 19:24:01,2015-03-17 19:24:48,7,32,200,32,16,32,1,32,0,50,-1,1
"585",2015-03-17 17:25:31,2015-03-17 19:25:31,2015-03-17 19:26:19,1,32,120,32,21,32,1,32,0,50,-1,1
"586",2015-03-17 17:27:01,2015-03-17 19:27:01,2015-03-17 19:27:48,2,32,120,32,21,32,1,32,0,50,-1,1
"587",2015-03-17 17:28:31,2015-03-17 19:28:31,2015-03-17 19:29:19,3,32,240,32,21,32,1,32,0,50,-1,1
"588",2015-03-17 17:30:01,2015-03-17 19:30:01,2015-03-17 19:30:49,4,32,160,32,21,32,1,32,0,50,-1,1
"589",2015-03-17 17:31:31,2015-03-17 19:31:31,2015-03-17 19:32:19,4,32,120,32,21,32,1,32,0,50,-1,1
"590",2015-03-17 17:33:01,2015-03-17 19:33:01,2015-03-17 19:33:48,9,32,200,32,13,32,1,32,0,50,-1,1
"591",2015-03-17 17:34:31,2015-03-17 19:34:31,2015-03-17 19:35:21,14,32,120,32,5,32,1,32,0,50,-1,1
"592",2015-03-17 17:36:01,2015-03-17 19:36:01,2015-03-17 19:36:50,19,32,280,32,3,32,1,32,0,50,-1,1
"593",2015-03-17 17:37:31,2015-03-17 19:37:31,2015-03-17 19:38:19,24,32,200,32,2,32,1,32,0,50,-1,1
"594",2015-03-17 17:39:01,2015-03-17 19:39:01,2015-03-17 19:39:49,2,32,80,32,10,32,1,32,0,50,-1,1
"595",2015-03-17 17:40:31,2015-03-17 19:40:31,2015-03-17 19:41:19,2,32,160,32,18,32,1,32,0,50,-1,1
"596",2015-03-17 17:42:01,2015-03-17 19:42:01,2015-03-17 19:42:48,7,32,280,32,10,32,1,32,0,50,-1,1
"597",2015-03-17 17:43:31,2015-03-17 19:43:31,2015-03-17 19:44:25,4,32,240,32,18,32,1,32,0,50,-1,1
"598",2015-03-17 17:45:01,2015-03-17 19:45:01,2015-03-17 19:45:55,1,32,120,32,21,32,1,32,0,50,-1,1
"599",2015-03-17 17:46:31,2015-03-17 19:46:31,2015-03-17 19:47:22,6,32,120,32,13,32,1,32,0,50,-1,1
"600",2015-03-17 17:48:01,2015-03-17 19:48:01,2015-03-17 19:48:51,11,32,280,32,5,32,1,32,0,50,-1,1
"601",2015-03-17 17:49:31,2015-03-17 19:49:31,2015-03-17 19:50:22,3,32,240,32,13,32,1,32,0,50,-1,1
"602",2015-03-17 17:51:01,2015-03-17 19:51:01,2015-03-17 19:51:52,1,32,40,32,21,32,1,32,0,50,-1,1
"603",2015-03-17 17:52:31,2015-03-17 19:52:31,2015-03-17 19:53:25,6,32,240,32,20,32,1,32,0,50,-1,1
"604",2015-03-17 17:54:01,2015-03-17 19:54:01,2015-03-17 19:54:50,11,32,200,32,12,32,1,32,0,50,-1,1
"605",2015-03-17 17:55:31,2015-03-17 19:55:31,2015-03-17 19:56:18,1,32,120,32,20,32,1,32,0,50,-1,1
"606",2015-03-17 17:57:01,2015-03-17 19:57:01,2015-03-17 19:57:52,1,32,120,32,21,32,1,32,0,50,-1,1
"607",2015-03-17 17:58:31,2015-03-17 19:58:31,2015-03-17 19:59:19,1,32,160,32,21,32,1,32,0,50,-1,1
"608",2015-03-17 18:00:01,2015-03-17 20:00:01,2015-03-17 20:00:49,0,32,40,32,21,38,1,38,0,50,-1,1
"609",2015-03-17 18:01:31,2015-03-17 20:01:31,2015-03-17 20:02:25,1,32,40,32,21,32,1,32,0,50,-1,1
"610",2015-03-17 18:03:01,2015-03-17 20:03:01,2015-03-17 20:03:52,1,32,200,32,21,32,1,32,0,50,-1,1
"611",2015-03-17 18:04:31,2015-03-17 20:04:31,2015-03-17 20:05:20,2,32,200,32,21,32,1,32,0,50,-1,1
"612",2015-03-17 18:06:01,2015-03-17 20:06:01,2015-03-17 20:06:49,3,32,200,32,21,32,1,32,0,50,-1,1
"613",2015-03-17 18:07:31,2015-03-17 20:07:31,2015-03-17 20:08:19,3,32,200,32,21,32,1,32,0,50,-1,1
"614",2015-03-17 18:09:01,2015-03-17 20:09:01,2015-03-17 20:09:50,2,32,240,32,21,32,1,32,0,50,-1,1
"615",2015-03-17 18:10:31,2015-03-17 20:10:31,2015-03-17 20:11:25,3,32,280,32,21,32,1,32,0,50,-1,1
"616",2015-03-17 18:12:01,2015-03-17 20:12:01,2015-03-17 20:12:49,8,32,280,32,13,32,1,32,0,50,-1,1
"617",2015-03-17 18:13:31,2015-03-17 20:13:31,2015-03-17 20:14:22,2,32,160,32,21,32,1,32,0,50,-1,1
"618",2015-03-17 18:15:01,2015-03-17 20:15:01,2015-03-17 20:15:49,1,32,120,32,21,32,1,32,0,50,-1,1
"619",2015-03-17 18:16:31,2015-03-17 20:16:31,2015-03-17 20:17:19,1,32,160,32,21,32,1,32,0,50,-1,1
"620",2015-03-17 18:18:01,2015-03-17 20:18:01,2015-03-17 20:18:52,1,32,160,32,21,32,1,32,0,50,-1,1
"621",2015-03-17 18:19:31,2015-03-17 20:19:31,2015-03-17 20:20:20,6,32,200,32,13,32,1,32,0,50,-1,1
"622",2015-03-17 18:21:01,2015-03-17 20:21:01,2015-03-17 20:22:08,2,32,200,32,21,32,1,32,0,50,-1,1
"623",2015-03-17 18:22:31,2015-03-17 20:22:31,2015-03-17 20:23:19,0,32,0,40,21,38,1,40,0,50,-1,1
"624",2015-03-17 18:24:01,2015-03-17 20:24:01,2015-03-17 20:24:48,1,32,120,32,21,32,1,32,0,50,-1,1
"625",2015-03-17 18:25:31,2015-03-17 20:25:31,2015-03-17 20:26:25,1,32,120,32,21,32,1,32,0,50,-1,1
"626",2015-03-17 18:27:01,2015-03-17 20:27:01,2015-03-17 20:27:48,1,32,80,32,21,32,1,32,0,50,-1,1
"627",2015-03-17 18:28:31,2015-03-17 20:28:31,2015-03-17 20:29:22,1,32,160,32,21,32,1,32,0,50,-1,1
"628",2015-03-17 18:30:01,2015-03-17 20:30:01,2015-03-17 20:30:49,1,32,160,32,21,32,1,32,0,50,-1,1
"629",2015-03-17 18:31:31,2015-03-17 20:31:31,2015-03-17 20:32:25,1,32,80,32,21,32,1,32,0,50,-1,1
"630",2015-03-17 18:33:01,2015-03-17 20:33:01,2015-03-17 20:33:57,0,32,80,32,21,38,1,38,0,50,-1,1
"631",2015-03-17 18:34:31,2015-03-17 20:34:31,2015-03-17 20:35:22,0,32,80,32,21,38,1,38,0,50,-1,1
"632",2015-03-17 18:36:01,2015-03-17 20:36:01,2015-03-17 20:36:52,1,32,80,32,21,32,1,32,0,50,-1,1
"633",2015-03-17 18:37:31,2015-03-17 20:37:31,2015-03-17 20:38:19,1,32,120,32,21,32,1,32,0,50,-1,1
"634",2015-03-17 18:39:01,2015-03-17 20:39:01,2015-03-17 20:39:49,1,32,120,32,21,32,1,32,0,50,-1,1
"635",2015-03-17 18:40:31,2015-03-17 20:40:31,2015-03-17 20:41:21,0,32,40,32,21,38,1,38,0,50,-1,1
"636",2015-03-17 18:42:01,2015-03-17 20:42:01,2015-03-17 20:42:52,1,32,80,32,21,32,1,32,0,50,-1,1
"637",2015-03-17 18:43:31,2015-03-17 20:43:31,2015-03-17 20:46:26,1,32,120,32,21,32,1,32,0,50,-1,1
"638",2015-03-17 18:45:01,2015-03-17 20:45:01,2015-03-17 20:46:44,0,32,0,40,21,38,1,40,0,50,-1,1
"639",2015-03-17 18:46:31,2015-03-17 20:46:31,2015-03-17 20:47:20,1,32,160,32,21,32,1,32,0,50,-1,1
"640",2015-03-17 18:48:01,2015-03-17 20:48:01,2015-03-17 20:48:49,1,32,80,32,21,32,1,32,0,50,-1,1
"641",2015-03-17 18:49:31,2015-03-17 20:49:31,2015-03-17 20:50:22,0,32,80,32,21,38,1,38,0,50,-1,1
"642",2015-03-17 18:51:01,2015-03-17 20:51:01,2015-03-17 20:51:50,1,32,120,32,21,32,1,32,0,50,-1,1
"643",2015-03-17 18:52:31,2015-03-17 20:52:31,2015-03-17 20:53:22,1,32,120,32,21,32,1,32,0,50,-1,1
"644",2015-03-17 18:54:01,2015-03-17 20:54:01,2015-03-17 20:54:51,0,32,40,32,21,38,1,38,0,50,-1,1
"645",2015-03-17 18:55:31,2015-03-17 20:55:31,2015-03-17 20:56:22,1,32,80,32,21,32,1,32,0,50,-1,1
"646",2015-03-17 18:57:01,2015-03-17 20:57:01,2015-03-17 20:57:49,1,32,120,32,21,32,1,32,0,50,-1,1
"647",2015-03-17 18:58:31,2015-03-17 20:58:31,2015-03-17 20:59:26,1,32,80,32,21,32,1,32,0,50,-1,1
"648",2015-03-17 19:00:01,2015-03-17 21:00:01,2015-03-17 21:00:55,0,32,0,40,21,38,1,40,0,50,-1,1
"649",2015-03-17 19:01:31,2015-03-17 21:01:31,2015-03-17 21:02:25,0,32,40,32,21,38,1,38,0,50,-1,1
"650",2015-03-17 19:03:01,2015-03-17 21:03:01,2015-03-17 21:03:58,1,32,80,32,21,32,1,32,0,50,-1,1
"651",2015-03-17 19:04:31,2015-03-17 21:04:31,2015-03-17 21:05:29,0,32,40,32,21,38,1,38,0,50,-1,1
"652",2015-03-17 19:06:01,2015-03-17 21:06:01,2015-03-17 21:06:17,0,32,40,32,21,38,1,38,0,50,-1,1
"653",2015-03-17 19:07:31,2015-03-17 21:07:31,2015-03-17 21:08:26,0,32,0,40,21,38,1,40,0,50,-1,1
"654",2015-03-17 19:09:01,2015-03-17 21:09:01,2015-03-17 21:09:49,0,32,0,40,21,38,1,40,0,50,-1,1
"655",2015-03-17 19:10:31,2015-03-17 21:10:31,2015-03-17 21:11:23,0,32,40,32,21,38,1,38,0,50,-1,1
"656",2015-03-17 19:12:01,2015-03-17 21:12:01,2015-03-17 21:12:52,1,32,80,32,21,32,1,32,0,50,-1,1
"657",2015-03-17 19:13:31,2015-03-17 21:13:31,2015-03-17 21:14:19,1,32,240,32,21,32,1,32,0,50,-1,1
"658",2015-03-17 19:15:01,2015-03-17 21:15:01,2015-03-17 21:15:49,1,32,80,32,21,32,1,32,0,50,-1,1
"659",2015-03-17 19:16:31,2015-03-17 21:16:31,2015-03-17 21:16:46,1,32,160,32,21,32,1,32,0,50,-1,1
"660",2015-03-17 19:18:01,2015-03-17 21:18:01,2015-03-17 21:18:55,1,32,160,32,21,32,1,32,0,50,-1,1
"661",2015-03-17 19:19:31,2015-03-17 21:19:31,2015-03-17 21:20:20,0,32,40,32,21,38,1,38,0,50,-1,1
"662",2015-03-17 19:21:01,2015-03-17 21:21:01,2015-03-17 21:21:49,0,32,80,32,21,38,1,38,0,50,-1,1
"663",2015-03-17 19:22:31,2015-03-17 21:22:31,2015-03-17 21:23:19,0,32,0,40,21,38,1,40,0,50,-1,1
"664",2015-03-17 19:24:01,2015-03-17 21:24:01,2015-03-17 21:24:48,1,32,120,32,21,32,1,32,0,50,-1,1
"665",2015-03-17 19:25:31,2015-03-17 21:25:31,2015-03-17 21:26:25,0,32,0,40,21,38,1,40,0,50,-1,1
"666",2015-03-17 19:27:01,2015-03-17 21:27:01,2015-03-17 21:27:50,0,32,40,32,21,38,1,38,0,50,-1,1
"667",2015-03-17 19:28:31,2015-03-17 21:28:31,2015-03-17 21:29:22,0,32,40,32,21,38,1,38,0,50,-1,1
"668",2015-03-17 19:30:01,2015-03-17 21:30:01,2015-03-17 21:30:56,0,32,40,32,21,38,1,38,0,50,-1,1
"669",2015-03-17 19:31:31,2015-03-17 21:31:31,2015-03-17 21:32:19,0,32,0,40,21,38,1,40,0,50,-1,1
"670",2015-03-17 19:33:01,2015-03-17 21:33:01,2015-03-17 21:33:52,0,32,40,32,21,38,1,38,0,50,-1,1
"671",2015-03-17 19:34:31,2015-03-17 21:34:31,2015-03-17 21:35:19,0,32,0,40,21,38,1,40,0,50,-1,1
"672",2015-03-17 19:36:01,2015-03-17 21:36:01,2015-03-17 21:36:56,2,32,200,32,21,32,1,32,0,50,-1,1
"673",2015-03-17 19:37:31,2015-03-17 21:37:31,2015-03-17 21:38:19,0,32,0,40,21,38,1,40,0,50,-1,1
"674",2015-03-17 19:39:01,2015-03-17 21:39:01,2015-03-17 21:39:55,0,32,40,32,21,38,1,38,0,50,-1,1
"675",2015-03-17 19:40:31,2015-03-17 21:40:31,2015-03-17 21:41:25,0,32,40,32,21,38,1,38,0,50,-1,1
"676",2015-03-17 19:42:01,2015-03-17 21:42:01,2015-03-17 21:42:53,0,32,40,32,21,38,1,38,0,50,-1,1
"677",2015-03-17 19:43:31,2015-03-17 21:43:31,2015-03-17 21:44:18,0,32,40,32,21,38,1,38,0,50,-1,1
"678",2015-03-17 19:45:01,2015-03-17 21:45:01,2015-03-17 21:46:04,0,32,0,40,21,38,1,40,0,50,-1,1
"679",2015-03-17 19:46:31,2015-03-17 21:46:31,2015-03-17 21:47:19,0,32,40,32,21,38,1,38,0,50,-1,1
"680",2015-03-17 19:48:01,2015-03-17 21:48:01,2015-03-17 21:48:54,1,32,120,32,21,32,1,32,0,50,-1,1
"681",2015-03-17 19:49:31,2015-03-17 21:49:31,2015-03-17 21:50:18,0,32,40,32,21,38,1,38,0,50,-1,1
"682",2015-03-17 19:51:01,2015-03-17 21:51:01,2015-03-17 21:51:49,1,32,120,32,21,32,1,32,0,50,-1,1
"683",2015-03-17 19:52:31,2015-03-17 21:52:31,2015-03-17 21:53:29,0,32,80,32,21,38,1,38,0,50,-1,1
"684",2015-03-17 19:54:01,2015-03-17 21:54:01,2015-03-17 21:54:51,0,32,0,40,21,38,1,40,0,50,-1,1
"685",2015-03-17 19:55:31,2015-03-17 21:55:31,2015-03-17 21:56:21,0,32,40,32,21,38,1,38,0,50,-1,1
"686",2015-03-17 19:57:01,2015-03-17 21:57:01,2015-03-17 21:57:52,1,32,80,32,21,32,1,32,0,50,-1,1
"687",2015-03-17 19:58:31,2015-03-17 21:58:31,2015-03-17 21:59:19,0,32,40,32,21,38,1,38,0,50,-1,1
"688",2015-03-17 20:00:01,2015-03-17 22:00:01,2015-03-17 22:00:51,0,32,40,32,21,38,1,38,0,50,-1,1
"689",2015-03-17 20:01:31,2015-03-17 22:01:31,2015-03-17 22:02:27,0,32,40,32,21,38,1,38,0,50,-1,1
"690",2015-03-17 20:03:01,2015-03-17 22:03:01,2015-03-17 22:03:49,0,32,80,32,21,38,1,38,0,50,-1,1
"691",2015-03-17 20:04:31,2015-03-17 22:04:31,2015-03-17 22:05:19,0,32,40,32,21,38,1,38,0,50,-1,1
"692",2015-03-17 20:06:01,2015-03-17 22:06:01,2015-03-17 22:06:52,1,32,120,32,21,32,1,32,0,50,-1,1
"693",2015-03-17 20:07:31,2015-03-17 22:07:31,2015-03-17 22:08:23,0,32,0,40,21,38,1,40,0,50,-1,1
"694",2015-03-17 20:09:01,2015-03-17 22:09:01,2015-03-17 22:09:48,1,32,120,32,21,32,1,32,0,50,-1,1
"695",2015-03-17 20:10:31,2015-03-17 22:10:31,2015-03-17 22:11:19,0,32,40,32,21,38,1,38,0,50,-1,1
"696",2015-03-17 20:12:01,2015-03-17 22:12:01,2015-03-17 22:12:52,1,32,80,32,21,32,1,32,0,50,-1,1
"697",2015-03-17 20:13:31,2015-03-17 22:13:31,2015-03-17 22:14:22,0,32,0,40,21,38,1,40,0,50,-1,1
"698",2015-03-17 20:15:01,2015-03-17 22:15:01,2015-03-17 22:15:57,1,32,160,32,21,32,1,32,0,50,-1,1
"699",2015-03-17 20:16:31,2015-03-17 22:16:31,2015-03-17 22:17:19,0,32,0,40,21,38,1,40,0,50,-1,1
"700",2015-03-17 20:18:01,2015-03-17 22:18:01,2015-03-17 22:18:48,0,32,0,40,21,38,1,40,0,50,-1,1
"701",2015-03-17 20:19:31,2015-03-17 22:19:31,2015-03-17 22:19:57,0,32,0,40,21,38,1,40,0,50,-1,1
"702",2015-03-17 20:21:01,2015-03-17 22:21:01,2015-03-17 22:21:48,0,32,0,40,21,38,1,40,0,50,-1,1
"703",2015-03-17 20:22:31,2015-03-17 22:22:31,2015-03-17 22:23:23,0,32,40,32,21,38,1,38,0,50,-1,1
"704",2015-03-17 20:24:01,2015-03-17 22:24:01,2015-03-17 22:24:48,0,32,40,32,21,38,1,38,0,50,-1,1
"705",2015-03-17 20:25:31,2015-03-17 22:25:31,2015-03-17 22:26:19,0,32,40,32,21,38,1,38,0,50,-1,1
"706",2015-03-17 20:27:01,2015-03-17 22:27:01,2015-03-17 22:27:50,0,32,80,32,21,38,1,38,0,50,-1,1
"707",2015-03-17 20:28:31,2015-03-17 22:28:31,2015-03-17 22:29:23,0,32,0,40,21,38,1,40,0,50,-1,1
"708",2015-03-17 20:30:01,2015-03-17 22:30:01,2015-03-17 22:30:55,0,32,0,40,21,38,1,40,0,50,-1,1
"709",2015-03-17 20:31:31,2015-03-17 22:31:31,2015-03-17 22:32:19,0,32,0,40,21,38,1,40,0,50,-1,1
"710",2015-03-17 20:33:01,2015-03-17 22:33:01,2015-03-17 22:33:52,1,32,80,32,21,32,1,32,0,50,-1,1
"711",2015-03-17 20:34:31,2015-03-17 22:34:31,2015-03-17 22:35:19,0,32,0,40,21,38,1,40,0,50,-1,1
"712",2015-03-17 20:36:01,2015-03-17 22:36:01,2015-03-17 22:36:51,0,32,40,32,21,38,1,38,0,50,-1,1
"713",2015-03-17 20:37:31,2015-03-17 22:37:31,2015-03-17 22:38:19,0,32,80,32,21,38,1,38,0,50,-1,1
"714",2015-03-17 20:39:01,2015-03-17 22:39:01,2015-03-17 22:39:52,0,32,40,32,21,38,1,38,0,50,-1,1
"715",2015-03-17 20:40:31,2015-03-17 22:40:31,2015-03-17 22:41:19,0,32,40,32,21,38,1,38,0,50,-1,1
"716",2015-03-17 20:42:01,2015-03-17 22:42:01,2015-03-17 22:42:52,0,32,40,32,21,38,1,38,0,50,-1,1
"717",2015-03-17 20:43:31,2015-03-17 22:43:31,2015-03-17 22:44:21,0,32,40,32,21,38,1,38,0,50,-1,1
"718",2015-03-17 20:45:01,2015-03-17 22:45:01,2015-03-17 22:45:54,0,32,40,32,21,38,1,38,0,50,-1,1
"719",2015-03-17 20:46:31,2015-03-17 22:46:31,2015-03-17 22:47:19,0,32,40,32,21,38,1,38,0,50,-1,1
"720",2015-03-17 20:48:01,2015-03-17 22:48:01,2015-03-17 22:48:54,0,32,0,40,21,38,1,40,0,50,-1,1
"721",2015-03-17 20:49:31,2015-03-17 22:49:31,2015-03-17 22:50:26,1,32,120,32,21,32,1,32,0,50,-1,1
"722",2015-03-17 20:51:01,2015-03-17 22:51:01,2015-03-17 22:51:48,0,32,0,40,21,38,1,40,0,50,-1,1
"723",2015-03-17 20:52:31,2015-03-17 22:52:31,2015-03-17 22:53:40,0,32,0,40,21,38,1,40,0,50,-1,1
"724",2015-03-17 20:54:01,2015-03-17 22:54:01,2015-03-17 22:54:51,1,32,80,32,21,32,1,32,0,50,-1,1
"725",2015-03-17 20:55:31,2015-03-17 22:55:31,2015-03-17 22:56:19,0,32,0,40,21,38,1,40,0,50,-1,1
"726",2015-03-17 20:57:01,2015-03-17 22:57:01,2015-03-17 22:57:56,1,32,80,32,21,32,1,32,0,50,-1,1
"727",2015-03-17 20:58:31,2015-03-17 22:58:31,2015-03-17 22:59:19,0,32,40,32,21,38,1,38,0,50,-1,1
"728",2015-03-17 21:00:01,2015-03-17 23:00:01,2015-03-17 23:00:53,0,32,0,40,21,38,1,40,0,50,-1,1
"729",2015-03-17 21:01:31,2015-03-17 23:01:31,2015-03-17 23:02:25,0,32,0,40,21,38,1,40,0,50,-1,1
"730",2015-03-17 21:03:01,2015-03-17 23:03:01,2015-03-17 23:03:54,0,32,40,32,21,38,1,38,0,50,-1,1
"731",2015-03-17 21:04:31,2015-03-17 23:04:31,2015-03-17 23:05:18,0,32,40,32,21,38,1,38,0,50,-1,1
"732",2015-03-17 21:06:01,2015-03-17 23:06:01,2015-03-17 23:06:51,0,32,0,40,21,38,1,40,0,50,-1,1
"733",2015-03-17 21:07:31,2015-03-17 23:07:31,2015-03-17 23:08:19,0,32,0,40,21,38,1,40,0,50,-1,1
"734",2015-03-17 21:09:01,2015-03-17 23:09:01,2015-03-17 23:09:49,0,32,40,32,21,38,1,38,0,50,-1,1
"735",2015-03-17 21:10:31,2015-03-17 23:10:31,2015-03-17 23:11:25,1,32,80,32,21,32,1,32,0,50,-1,1
"736",2015-03-17 21:12:01,2015-03-17 23:12:01,2015-03-17 23:12:51,0,32,0,40,21,38,1,40,0,50,-1,1
"737",2015-03-17 21:13:31,2015-03-17 23:13:31,2015-03-17 23:14:24,0,32,0,40,21,38,1,40,0,50,-1,1
"738",2015-03-17 21:15:01,2015-03-17 23:15:01,2015-03-17 23:15:48,0,32,0,40,21,38,1,40,0,50,-1,1
"739",2015-03-17 21:16:31,2015-03-17 23:16:31,2015-03-17 23:17:23,0,32,40,32,21,38,1,38,0,50,-1,1
"740",2015-03-17 21:18:01,2015-03-17 23:18:01,2015-03-17 23:18:55,0,32,0,40,21,38,1,40,0,50,-1,1
"741",2015-03-17 21:19:31,2015-03-17 23:19:31,2015-03-17 23:20:19,0,32,0,40,21,38,1,40,0,50,-1,1
"742",2015-03-17 21:21:01,2015-03-17 23:21:01,2015-03-17 23:21:55,0,32,40,32,21,38,1,38,0,50,-1,1
"743",2015-03-17 21:22:31,2015-03-17 23:22:31,2015-03-17 23:23:27,0,32,40,32,21,38,1,38,0,50,-1,1
"744",2015-03-17 21:24:01,2015-03-17 23:24:01,2015-03-17 23:24:48,0,32,40,32,21,38,1,38,0,50,-1,1
"745",2015-03-17 21:25:31,2015-03-17 23:25:31,2015-03-17 23:26:22,1,32,40,32,21,32,1,32,0,50,-1,1
"746",2015-03-17 21:27:01,2015-03-17 23:27:01,2015-03-17 23:27:55,0,32,0,40,21,38,1,40,0,50,-1,1
"747",2015-03-17 21:28:31,2015-03-17 23:28:31,2015-03-17 23:29:18,0,32,40,32,21,38,1,38,0,50,-1,1
"748",2015-03-17 21:30:01,2015-03-17 23:30:01,2015-03-17 23:30:49,0,32,0,40,21,38,1,40,0,50,-1,1
"749",2015-03-17 21:31:31,2015-03-17 23:31:31,2015-03-17 23:32:24,0,32,0,40,21,38,1,40,0,50,-1,1
"750",2015-03-17 21:33:01,2015-03-17 23:33:01,2015-03-17 23:33:56,0,32,0,40,21,38,1,40,0,50,-1,1
"751",2015-03-17 21:34:31,2015-03-17 23:34:31,2015-03-17 23:35:21,0,32,40,32,21,38,1,38,0,50,-1,1
"752",2015-03-17 21:36:01,2015-03-17 23:36:01,2015-03-17 23:36:52,0,32,0,40,21,38,1,40,0,50,-1,1
"753",2015-03-17 21:37:31,2015-03-17 23:37:31,2015-03-17 23:38:22,0,32,0,40,21,38,1,40,0,50,-1,1
"754",2015-03-17 21:39:01,2015-03-17 23:39:01,2015-03-17 23:39:52,0,32,80,32,21,38,1,38,0,50,-1,1
"755",2015-03-17 21:40:31,2015-03-17 23:40:31,2015-03-17 23:41:25,0,32,0,40,21,38,1,40,0,50,-1,1
"756",2015-03-17 21:42:01,2015-03-17 23:42:01,2015-03-17 23:42:54,0,32,0,40,21,38,1,40,0,50,-1,1
"757",2015-03-17 21:43:31,2015-03-17 23:43:31,2015-03-17 23:44:21,0,32,0,40,21,38,1,40,0,50,-1,1
"758",2015-03-17 21:45:01,2015-03-17 23:45:01,2015-03-17 23:45:49,0,32,0,40,21,38,1,40,0,50,-1,1
"759",2015-03-17 21:46:31,2015-03-17 23:46:31,2015-03-17 23:47:19,0,32,0,40,21,38,1,40,0,50,-1,1
"760",2015-03-17 21:48:01,2015-03-17 23:48:01,2015-03-17 23:48:51,0,32,0,40,21,38,1,40,0,50,-1,1
"761",2015-03-17 21:49:31,2015-03-17 23:49:31,2015-03-17 23:50:19,0,32,40,32,21,38,1,38,0,50,-1,1
"762",2015-03-17 21:51:01,2015-03-17 23:51:01,2015-03-17 23:51:49,0,32,0,40,21,38,1,40,0,50,-1,1
"763",2015-03-17 21:52:31,2015-03-17 23:52:31,2015-03-17 23:53:22,0,32,0,40,21,38,1,40,0,50,-1,1
"764",2015-03-17 21:54:01,2015-03-17 23:54:01,2015-03-17 23:54:52,0,32,0,40,21,38,1,40,0,50,-1,1
"765",2015-03-17 21:55:31,2015-03-17 23:55:31,2015-03-17 23:56:21,0,32,0,40,21,38,1,40,0,50,-1,1
"766",2015-03-17 21:57:01,2015-03-17 23:57:01,2015-03-17 23:57:52,0,32,0,40,21,38,1,40,0,50,-1,1
"767",2015-03-17 21:58:31,2015-03-17 23:58:31,2015-03-17 23:59:19,0,32,0,40,21,38,1,40,0,50,-1,1
